2011-04-26,万方发展,90.1344688111111,4.4325,综合
2012-12-04,泸州老窖,1.133625666666667,24.30594,食品饮料
2012-12-05,泸州老窖,0.9778656666666664,24.30594,食品饮料
2012-12-06,泸州老窖,0.6903069666666681,24.463260000000002,食品饮料
2012-12-07,泸州老窖,1.36127616666667,24.136821,食品饮料
2012-12-08,泸州老窖,0.6423810666666725,24.561585,食品饮料
2012-12-11,泸州老窖,0.2709495666666655,24.561585,食品饮料
2012-12-12,泸州老窖,0.03132006666666598,25.127937,食品饮料
2012-12-13,泸州老窖,-0.14840453333333414,25.088607,食品饮料
2012-12-14,泸州老窖,0.618416466666666,24.978482999999997,食品饮料
2012-12-15,泸州老窖,-0.08849633333333172,24.553719,食品饮料
2012-12-18,泸州老窖,-1.4064701333333358,24.553719,食品饮料
2012-12-19,泸州老窖,-2.472832133333334,26.335368000000006,食品饮料
2012-12-20,泸州老窖,-2.916150833333333,26.964647999999997,食品饮料
2012-12-21,泸州老窖,-2.676521333333333,26.807328000000002,食品饮料
2012-12-22,泸州老窖,-2.4967967333333334,26.803395,食品饮料
2012-12-25,泸州老窖,-1.0829678333333277,26.803395,食品饮料
2012-12-26,泸州老窖,-1.5622334333333328,25.981398000000002,食品饮料
2012-12-27,泸州老窖,-2.197255733333336,26.398296,食品饮料
2012-12-28,泸州老窖,-2.952097733333332,26.960715000000004,食品饮料
2012-12-29,泸州老窖,-3.551176433333332,27.389412,食品饮料
2013-01-01,泸州老窖,-4.162237433333331,27.389412,食品饮料
2013-01-05,泸州老窖,-3.958551533333335,27.37368,食品饮料
2013-01-08,泸州老窖,-3.2636177333333265,27.692253000000004,食品饮料
2013-01-09,泸州老窖,-4.581591533333338,27.825975,食品饮料
2013-01-10,泸州老窖,-6.259014533333335,28.695168,食品饮料
2013-01-11,泸州老窖,-6.1751450333333295,29.265453000000004,食品饮料
2013-01-12,泸州老窖,-5.37237713333333,28.883952,食品饮料
2013-01-15,泸州老窖,-5.288507633333332,28.883952,食品饮料
2013-01-16,泸州老窖,-4.857167933333329,28.376595,食品饮料
2013-01-17,泸州老窖,-4.018456433333334,27.755181,食品饮料
2013-01-18,泸州老窖,-4.066385633333333,27.857439000000003,食品饮料
2013-01-19,泸州老窖,-3.179748233333335,27.330417,食品饮料
2013-01-22,泸州老窖,-1.8018629333333325,27.330417,食品饮料
2013-01-23,泸州老窖,-1.0230596333333324,25.678557,食品饮料
2013-01-24,泸州老窖,-1.586194733333329,25.769016,食品饮料
2013-01-25,泸州老窖,-1.0110806333333286,25.977465,食品饮料
2013-01-26,泸州老窖,0.3188754666666682,25.214463,食品饮料
2013-01-29,泸州老窖,2.176023066666666,25.214463,食品饮料
2013-01-30,泸州老窖,1.7566689666666662,23.586201000000003,食品饮料
2013-01-31,泸州老窖,1.1695692666666702,24.184017,食品饮料
2013-02-01,泸州老窖,1.5170361666666636,24.156485999999997,食品饮料
2013-02-02,泸州老窖,1.4810925666666677,24.231213,食品饮料
2013-02-05,泸州老窖,2.164040766666666,24.231213,食品饮料
2013-02-06,泸州老窖,-0.4599278333333317,24.510456,食品饮料
2013-02-07,泸州老窖,0.1750977666666671,25.336385999999997,食品饮料
2013-02-08,泸州老窖,0.2709495666666655,24.868358999999998,食品饮料
2013-02-09,泸州老窖,0.1870800666666668,25.029612,食品饮料
2013-02-19,泸州老窖,1.4211843666666724,25.029612,食品饮料
2013-02-20,泸州老窖,1.397219766666666,24.144687,食品饮料
2013-02-21,泸州老窖,1.1575869666666705,24.195816,食品饮料
2013-02-22,泸州老窖,0.34284006666666755,24.707106,食品饮料
2013-02-23,泸州老窖,-1.5023252333333377,25.702154999999998,食品饮料
2013-02-26,泸州老窖,-0.6037055333333328,25.702154999999998,食品饮料
2013-02-27,泸州老窖,0.3668046666666669,25.422912,食品饮料
2013-02-28,泸州老窖,0.15113316666666776,24.888023999999998,食品饮料
2013-03-01,泸州老窖,0.21104136666666307,24.758235,食品饮料
2013-03-02,泸州老窖,0.06726366666666905,25.041411,食品饮料
2013-03-05,泸州老窖,1.1216433666666674,25.041411,食品饮料
2013-03-06,泸州老窖,0.9419187666666672,24.577317,食品饮料
2013-03-07,泸州老窖,0.16311546666666746,24.522254999999998,食品饮料
2013-03-08,泸州老窖,-0.08849633333333172,25.395381,食品饮料
2013-03-09,泸州老窖,0.3068964666666645,25.147602,食品饮料
2013-03-12,泸州老窖,0.9059751666666712,25.147602,食品饮料
2013-03-13,泸州老窖,1.3492938666666632,24.400332000000002,食品饮料
2013-03-14,泸州老窖,1.4211843666666724,24.278409000000003,食品饮料
2013-03-15,泸州老窖,1.9723371666666691,24.034563000000002,食品饮料
2013-03-16,泸州老窖,3.0866250666666697,23.421015,食品饮料
2013-03-19,泸州老窖,5.195384466666667,23.421015,食品饮料
2013-03-20,泸州老窖,5.59077726666667,21.352257,食品饮料
2013-03-21,泸州老窖,4.799991666666671,21.749489999999998,食品饮料
2013-03-22,泸州老窖,4.7640480666666685,21.910743,食品饮料
2013-03-23,泸州老窖,4.728101166666669,22.028733000000006,食品饮料
2013-03-26,泸州老窖,5.075568066666668,22.028733000000006,食品饮料
2013-03-27,泸州老窖,5.4350139666666735,21.698361,食品饮料
2013-03-28,泸州老窖,6.860825166666665,21.092679,食品饮料
2013-03-29,泸州老窖,7.459903866666667,20.144826000000002,食品饮料
2013-03-30,泸州老窖,7.699536666666668,20.09763,食品饮料
2013-04-02,泸州老窖,8.394467166666669,20.09763,食品饮料
2013-04-03,泸州老窖,7.699536666666668,19.897047,食品饮料
2013-04-04,泸州老窖,7.244235666666665,20.164491,食品饮料
2013-04-09,泸州老窖,7.052528766666665,20.164491,食品饮料
2013-04-10,泸州老窖,7.483868466666664,20.357208,食品饮料
2013-04-11,泸州老窖,6.225799566666666,20.604987,食品饮料
2013-04-12,泸州老窖,6.7529910666666675,20.868498,食品饮料
2013-04-13,泸州老窖,6.717044166666668,20.8449,食品饮料
2013-04-16,泸州老窖,7.603681566666669,20.8449,食品饮料
2013-04-17,泸州老窖,8.047000266666668,19.767258,食品饮料
2013-04-18,泸州老窖,7.340087466666668,20.074032000000006,食品饮料
2013-04-19,泸州老窖,7.435939266666665,20.219553,食品饮料
2013-04-20,泸州老窖,7.040549766666667,20.388672,食品饮料
2013-04-23,泸州老窖,7.939166166666666,20.388672,食品饮料
2013-04-24,泸州老窖,8.082947166666667,19.995372,食品饮料
2013-04-25,泸州老窖,11.07649926666667,19.550943,食品饮料
2013-04-26,泸州老窖,11.370354366666668,19.527345,食品饮料
2013-04-27,泸州老窖,11.66420946666667,19.42902,食品饮料
2013-05-03,泸州老窖,11.993407133333342,19.42902,食品饮料
2013-05-04,泸州老窖,11.83015283333334,18.846936,食品饮料
2013-05-07,泸州老窖,11.111845133333345,18.846936,食品饮料
2013-05-08,泸州老窖,10.03437863333334,19.708263,食品饮料
2013-05-09,泸州老窖,10.18674623333334,20.034702000000006,食品饮料
2013-05-10,泸州老窖,9.696989933333342,20.361141,食品饮料
2013-05-11,泸州老窖,9.392251433333339,20.467332,食品饮料
2013-05-14,泸州老窖,9.18546683333334,20.467332,食品饮料
2013-05-15,泸州老窖,9.979961633333343,20.376873,食品饮料
2013-05-16,泸州老窖,9.794940533333342,20.349342,食品饮料
2013-05-17,泸州老窖,9.784057133333338,20.207754,食品饮料
2013-05-18,泸州老窖,9.348717833333342,20.435868,食品饮料
2013-05-21,泸州老窖,9.239883833333339,20.435868,食品饮料
2013-05-22,泸州老窖,8.717474033333339,20.774106,食品饮料
2013-05-23,泸州老窖,8.260367933333344,21.265731,食品饮料
2013-05-24,泸州老窖,8.478039233333341,21.430917,食品饮料
2013-05-25,泸州老窖,8.401852133333342,21.194937,食品饮料
2013-05-28,泸州老窖,8.630406833333343,21.194937,食品饮料
2013-05-29,泸州老窖,8.18418413333334,21.253932,食品饮料
2013-05-30,泸州老窖,8.195067533333344,21.611835,食品饮料
2013-05-31,泸州老窖,8.59775663333334,21.249999000000006,食品饮料
2013-06-01,泸州老窖,9.065746133333338,21.017951999999998,食品饮料
2013-06-04,泸州老窖,9.19635023333334,21.017951999999998,食品饮料
2013-06-05,泸州老窖,9.696989933333342,20.557791,食品饮料
2013-06-06,泸州老窖,9.47931863333334,20.313945,食品饮料
2013-06-07,泸州老窖,10.03437863333334,20.380806,食品饮料
2013-06-08,泸州老窖,10.600318733333342,19.959975,食品饮料
2013-06-14,泸州老窖,10.79622323333334,19.959975,食品饮料
2013-06-15,泸州老窖,10.720039433333342,19.606005,食品饮料
2013-06-18,泸州老窖,11.220679133333338,19.606005,食品饮料
2013-06-19,泸州老窖,11.013891233333345,19.149777,食品饮料
2013-06-20,泸州老窖,10.252046633333343,19.519479,食品饮料
2013-06-21,泸州老窖,10.741806233333342,19.826253,食品饮料
2013-06-22,泸州老窖,10.91594063333334,19.550943,食品饮料
2013-06-25,泸州老窖,11.69955203333334,19.550943,食品饮料
2013-06-26,泸州老窖,12.069590933333338,18.296316,食品饮料
2013-06-27,泸州老窖,12.069590933333338,18.437904,食品饮料
2013-06-28,泸州老窖,12.15665813333334,18.697482,食品饮料
2013-06-29,泸州老窖,11.98252373333334,18.646353,食品饮料
2013-07-02,泸州老窖,12.14250113333334,18.646353,食品饮料
2013-07-03,泸州老窖,11.455005533333342,18.803673,食品饮料
2013-07-04,泸州老窖,11.85877373333334,18.764343,食品饮料
2013-07-05,泸州老窖,11.716910033333342,18.736812,食品饮料
2013-07-06,泸州老窖,11.78238533333334,18.941328,食品饮料
2013-07-09,泸州老窖,12.109761833333339,18.941328,食品饮料
2013-07-10,泸州老窖,12.109761833333339,18.610955999999998,食品饮料
2013-07-11,泸州老窖,11.804208233333338,18.638487,食品饮料
2013-07-12,泸州老窖,10.942116233333339,19.208772000000003,食品饮料
2013-07-13,泸州老窖,11.247666533333339,19.263834000000006,食品饮料
2013-07-16,泸州老窖,11.23675343333334,19.263834000000006,食品饮料
2013-07-17,泸州老窖,11.018504633333345,19.181241,食品饮料
2013-07-18,泸州老窖,11.59686923333334,19.126179,食品饮料
2013-07-19,泸州老窖,12.066112733333338,18.76041,食品饮料
2013-07-20,泸州老窖,12.829993433333339,18.319914,食品饮料
2013-07-23,泸州老窖,12.85181963333334,18.319914,食品饮料
2013-07-24,泸州老窖,12.382576133333338,18.229454999999998,食品饮料
2013-07-25,泸州老窖,12.22979933333334,18.591291000000002,食品饮料
2013-07-26,泸州老窖,11.444095733333342,18.784008,食品饮料
2013-07-27,泸州老窖,11.31314183333334,19.102581,食品饮料
2013-07-30,泸州老窖,11.62960853333334,19.102581,食品饮料
2013-07-31,泸州老窖,11.444095733333342,18.953127,食品饮料
2013-08-01,泸州老窖,14.80517213333334,18.47423894,食品饮料
2013-08-02,泸州老窖,14.641482233333342,17.981365959999994,食品饮料
2013-08-03,泸州老窖,14.79425903333334,18.08333968,食品饮料
2013-08-06,泸州老窖,14.68513463333334,18.08333968,食品饮料
2013-08-07,泸州老窖,14.445056333333339,18.1003353,食品饮料
2013-08-08,泸州老窖,14.19406823333334,18.452994415,食品饮料
2013-08-09,泸州老窖,14.48870543333334,18.33827398,食品饮料
2013-08-10,泸州老窖,14.84882123333334,18.04934844,食品饮料
2013-08-13,泸州老窖,14.17224203333334,18.04934844,食品饮料
2013-08-14,泸州老窖,14.03037833333334,18.563465945,食品饮料
2013-08-15,泸州老窖,14.041291433333342,18.67818638,食品饮料
2013-08-16,泸州老窖,13.975816133333339,18.724924335,食品饮料
2013-08-17,泸州老窖,14.128589633333338,18.707928715,食品饮料
2013-08-20,泸州老窖,14.074027433333338,18.707928715,食品饮料
2013-08-21,泸州老窖,14.346841733333337,18.46574113,食品饮料
2013-08-22,泸州老窖,14.325018833333342,18.351020695,食品饮料
2013-08-23,泸州老窖,13.93498193333334,18.38076303,食品饮料
2013-08-24,泸州老窖,13.87987523333334,18.724924335,食品饮料
2013-08-27,泸州老窖,13.549218533333338,18.724924335,食品饮料
2013-08-28,泸州老窖,12.73360043333334,19.098827975,食品饮料
2013-08-29,泸州老窖,12.73360043333334,19.353762275,食品饮料
2013-08-30,泸州老窖,12.50213843333334,19.39200242,食品饮料
2013-08-31,泸州老窖,12.95403713333334,19.362260085,食品饮料
2013-09-03,泸州老窖,12.597141333333335,19.362260085,食品饮料
2013-09-04,泸州老窖,11.748457233333335,18.427500985,食品饮料
2013-09-05,泸州老窖,11.880721233333334,18.563465945,食品饮料
2013-09-06,泸州老窖,11.990941233333338,18.469990035,食品饮料
2013-09-07,泸州老窖,12.035025933333333,18.50823018,食品饮料
2013-09-10,泸州老窖,11.770501233333334,18.50823018,食品饮料
2013-09-11,泸州老窖,11.704369233333335,18.64419514,食品饮料
2013-09-12,泸州老窖,10.965905133333335,18.979858635,食品饮料
2013-09-13,泸州老窖,11.098169133333334,19.285779795,食品饮料
2013-09-14,泸州老窖,10.293569733333337,19.60444767,食品饮料
2013-09-17,泸州老窖,10.712402433333338,19.60444767,食品饮料
2013-09-18,泸州老窖,11.384737833333334,19.205050600000003,食品饮料
2013-09-19,泸州老窖,11.759479233333336,18.71217762,食品饮料
2013-09-24,泸州老窖,11.660284533333336,18.71217762,食品饮料
2013-09-25,泸州老窖,12.001959933333335,18.597457185,食品饮料
2013-09-26,泸州老窖,12.486924633333334,18.240549165,食品饮料
2013-09-27,泸州老窖,12.828603333333335,18.028103915000006,食品饮料
2013-09-28,泸州老窖,12.960864033333333,17.824156475000006,食品饮料
2013-10-01,泸州老窖,12.685317333333336,17.824156475000006,食品饮料
2013-10-09,泸州老窖,12.839625333333334,17.858147715,食品饮料
2013-10-10,泸州老窖,12.839625333333334,17.81140976,食品饮料
2013-10-11,泸州老窖,13.313564733333335,17.620209035000006,食品饮料
2013-10-12,泸州老窖,13.522979433333335,17.276047730000002,食品饮料
2013-10-15,泸州老窖,13.126194033333338,17.276047730000002,食品饮料
2013-10-16,泸州老窖,13.015974033333334,17.611711225,食品饮料
2013-10-17,泸州老窖,13.258454733333336,17.688191515,食品饮料
2013-10-18,泸州老窖,13.093128033333334,17.615960129999994,食品饮料
2013-10-19,泸州老窖,13.346630733333335,17.51398641,食品饮料
2013-10-22,泸州老窖,13.126194033333338,17.51398641,食品饮料
2013-10-23,泸州老窖,13.004952033333335,17.658449179999995,食品饮料
2013-10-24,泸州老窖,12.905754033333334,17.679693705,食品饮料
2013-10-25,泸州老窖,12.184611633333335,17.960121435,食品饮料
2013-10-26,泸州老窖,12.945189033333335,17.730680565,食品饮料
2013-10-29,泸州老窖,14.209089033333335,17.730680565,食品饮料
2013-10-30,泸州老窖,13.895909133333333,16.62171636,食品饮料
2013-10-31,泸州老窖,13.862354733333332,16.69819665,食品饮料
2013-11-01,泸州老窖,13.526807433333335,17.033860145,食品饮料
2013-11-02,泸州老窖,13.010299766666664,16.914890805,食品饮料
2013-11-05,泸州老窖,12.909633266666667,16.914890805,食品饮料
2013-11-06,泸州老窖,12.909633266666667,16.85965504,食品饮料
2013-11-07,泸州老窖,12.428681366666664,17.14008277,食品饮料
2013-11-08,泸州老窖,12.663565466666668,17.229309774999994,食品饮料
2013-11-09,泸州老窖,13.178075066666667,17.05510467,食品饮料
2013-11-12,泸州老窖,12.070763366666668,17.05510467,食品饮料
2013-11-13,泸州老窖,11.019376766666667,18.138575445,食品饮料
2013-11-14,泸州老窖,11.32136966666667,18.38076303,食品饮料
2013-11-15,泸州老窖,11.556253766666668,18.015357199999997,食品饮料
2013-11-16,泸州老窖,11.545070066666668,18.198060115,食品饮料
2013-11-19,泸州老窖,11.310185966666667,18.198060115,食品饮料
2013-11-20,泸州老窖,11.254260866666666,18.283038215,食品饮料
2013-11-21,泸州老窖,11.444403566666667,18.21930464,食品饮料
2013-11-22,泸州老窖,11.970096866666667,17.85389881,食品饮料
2013-11-23,泸州老窖,12.272093066666667,17.60746232,食品饮料
2013-11-26,泸州老窖,11.981283866666667,17.60746232,食品饮料
2013-11-27,泸州老窖,12.149055866666668,17.62445794,食品饮料
2013-11-28,泸州老窖,11.992467566666665,17.501239695000002,食品饮料
2013-11-29,泸州老窖,11.656916966666667,17.866645525,食品饮料
2013-11-30,泸州老窖,12.048392666666668,17.802911950000006,食品饮料
2013-12-03,泸州老窖,12.685936166666668,17.802911950000006,食品饮料
2013-12-04,泸州老窖,12.316831166666667,17.26754992,食品饮料
2013-12-05,泸州老窖,12.059576366666667,17.46299955,食品饮料
2013-12-06,泸州老窖,12.048392666666668,17.560724365,食品饮料
2013-12-07,泸州老窖,11.533883066666668,17.79441414,食品饮料
2013-12-10,泸州老窖,11.489144966666668,17.79441414,食品饮料
2013-12-11,泸州老窖,11.746399766666665,17.951623625,食品饮料
2013-12-12,泸州老窖,11.891804366666667,17.892138955,食品饮料
2013-12-13,泸州老窖,11.970096866666667,17.764671805,食品饮料
2013-12-14,泸州老窖,12.193797266666667,17.662698085000006,食品饮料
2013-12-17,泸州老窖,12.562902266666665,17.662698085000006,食品饮料
2013-12-18,泸州老窖,12.685936166666668,17.22506087,食品饮料
2013-12-19,泸州老窖,12.876078866666667,17.05510467,食品饮料
2013-12-20,泸州老窖,12.808970066666667,17.038109050000006,食品饮料
2013-12-21,泸州老窖,13.178075066666667,16.94463314,食品饮料
2013-12-24,泸州老窖,13.122149966666667,16.94463314,食品饮料
2013-12-25,泸州老窖,13.066224866666666,16.87665066,食品饮料
2013-12-26,泸州老窖,13.256367566666668,16.795921465,食品饮料
2013-12-27,泸州老窖,13.681397666666667,16.52824045,食品饮料
2013-12-28,泸州老窖,13.60310186666667,16.473004685,食品饮料
2013-12-31,泸州老窖,13.726135766666665,16.473004685,食品饮料
2014-01-01,泸州老窖,12.715537166666667,16.744934604999994,食品饮料
2014-01-03,泸州老窖,12.928090166666667,16.744934604999994,食品饮料
2014-01-04,泸州老窖,13.330818866666668,16.723690079999994,食品饮料
2014-01-07,泸州老窖,14.057967266666665,16.723690079999994,食品饮料
2014-01-08,泸州老窖,14.102715266666667,16.06935871,食品饮料
2014-01-09,泸州老窖,14.85224096666667,15.810175505,食品饮料
2014-01-10,泸州老窖,14.78511896666667,15.61897478,食品饮料
2014-01-11,泸州老窖,15.053603666666667,15.470263105,食品饮料
2014-01-14,泸州老窖,14.773931966666664,15.470263105,食品饮料
2014-01-15,泸州老窖,14.42713826666667,15.716699595,食品饮料
2014-01-16,泸州老窖,14.885801966666666,15.555241205000002,食品饮料
2014-01-17,泸州老窖,14.606126966666668,15.665712735,食品饮料
2014-01-18,泸州老窖,15.020045966666668,15.512752155,食品饮料
2014-01-21,泸州老窖,14.773931966666664,15.512752155,食品饮料
2014-01-22,泸州老窖,15.266156666666667,15.35554267,食品饮料
2014-01-23,泸州老窖,14.885801966666666,15.342795955,食品饮料
2014-01-24,泸州老窖,15.713633366666668,15.121852895,食品饮料
2014-01-25,泸州老窖,15.892625366666667,14.70970911,食品饮料
2014-01-28,泸州老窖,15.668885366666668,14.70970911,食品饮料
2014-01-29,泸州老窖,11.896374866666667,14.80318502,食品饮料
2014-01-30,泸州老窖,12.541244366666668,14.54825072,食品饮料
2014-01-31,泸州老窖,13.253288666666664,14.12336022,食品饮料
2014-02-08,泸州老窖,13.427941166666667,14.12336022,食品饮料
2014-02-11,泸州老窖,13.427941166666667,13.677225195,食品饮料
2014-02-12,泸州老窖,13.01146136666667,13.974648545,食品饮料
2014-02-13,泸州老窖,13.10550476666667,13.974648545,食品饮料
2014-02-14,泸州老窖,13.10550476666667,14.085120075,食品饮料
2014-02-15,泸州老窖,11.587376066666668,14.52275729,食品饮料
2014-02-18,泸州老窖,11.144027666666664,14.52275729,食品饮料
2014-02-19,泸州老窖,11.842637666666667,14.93065217,食品饮料
2014-02-20,泸州老窖,11.533635566666668,15.053870415,食品饮料
2014-02-21,泸州老窖,12.057593066666666,14.89666093,食品饮料
2014-02-22,泸州老窖,12.460635266666667,14.594988675,食品饮料
2014-02-25,泸州老窖,11.560507466666667,14.594988675,食品饮料
2014-02-26,泸州老窖,11.560507466666667,14.645975535000002,食品饮料
2014-02-27,泸州老窖,12.28598276666667,14.3612989,食品饮料
2014-02-28,泸州老窖,12.890549366666667,14.31880985,食品饮料
2014-03-01,泸州老窖,12.662156366666668,14.280569705,食品饮料
2014-03-04,泸州老窖,12.809940266666667,14.280569705,食品饮料
2014-03-05,泸州老窖,12.783071666666668,14.187093795,食品饮料
2014-03-06,泸州老窖,11.869506266666667,14.527006195,食品饮料
2014-03-07,泸州老窖,11.856071966666667,14.832927355,食品饮料
2014-03-08,泸州老窖,11.735159966666668,14.841425165,食品饮料
2014-03-11,泸州老窖,12.796505966666668,14.841425165,食品饮料
2014-03-12,泸州老窖,11.627678966666668,14.510010575,食品饮料
2014-03-13,泸州老窖,11.641116566666668,15.028376985,食品饮料
2014-03-14,泸州老窖,9.276597266666666,15.648717115,食品饮料
2014-03-15,泸州老窖,9.048204266666666,16.41776892,食品饮料
2014-03-18,泸州老窖,9.20942246666667,16.41776892,食品饮料
2014-03-19,泸州老窖,9.881160566666667,16.51124483,食品饮料
2014-03-20,泸州老窖,9.988638266666666,15.899402510000002,食品饮料
2014-03-21,泸州老窖,10.673810666666668,15.890904699999998,食品饮料
2014-03-22,泸州老窖,10.23046556666667,15.631721495,食品饮料
2014-03-25,泸州老窖,10.05581306666667,15.631721495,食品饮料
2014-03-26,泸州老窖,10.902203666666667,15.50850325,食品饮料
2014-03-27,泸州老窖,10.982812766666665,15.376787195,食品饮料
2014-03-28,泸州老窖,11.09029046666667,15.38953391,食品饮料
2014-03-29,泸州老窖,12.12476786666667,14.977390125,食品饮料
2014-04-01,泸州老窖,12.232245566666665,14.977390125,食品饮料
2014-04-02,泸州老窖,11.641116566666668,14.74370035,食品饮料
2014-04-03,泸州老窖,11.600810366666668,14.97314122,食品饮料
2014-04-04,泸州老窖,12.017290166666665,14.858420785,食品饮料
2014-04-05,泸州老窖,12.097895966666664,14.552499625,食品饮料
2014-04-09,泸州老窖,11.600810366666668,14.552499625,食品饮料
2014-04-10,泸州老窖,11.399289266666667,15.14309742,食品饮料
2014-04-11,泸州老窖,11.26494296666667,15.104857275,食品饮料
2014-04-12,泸州老窖,10.673810666666668,15.36404048,食品饮料
2014-04-15,泸州老窖,10.869296066666667,15.36404048,食品饮料
2014-04-16,泸州老窖,11.48847176666667,15.138848515,食品饮料
2014-04-17,泸州老窖,11.623075466666664,14.93914998,食品饮料
2014-04-18,泸州老窖,11.461550366666668,15.04962151,食品饮料
2014-04-19,泸州老窖,11.394250166666666,14.96464341,食品饮料
2014-04-22,泸州老窖,12.148029566666667,14.96464341,食品饮料
2014-04-23,泸州老窖,12.215333066666664,14.50576167,食品饮料
2014-04-24,泸州老窖,11.771139866666665,14.696962395,食品饮料
2014-04-25,泸州老窖,11.932664966666668,14.75219816,食品饮料
2014-04-26,泸州老窖,12.982573166666665,14.33580547,食品饮料
2014-04-29,泸州老窖,12.982573166666665,14.33580547,食品饮料
2014-04-30,泸州老窖,13.17101636666667,13.932159495,食品饮料
2014-05-01,泸州老窖,7.893019466666669,13.923661685,食品饮料
2014-05-06,泸州老窖,-1.7728668333333315,13.923661685,食品饮料
2014-05-07,泸州老窖,-1.6732827333333304,13.95340402,食品饮料
2014-05-08,泸州老窖,-1.4077185333333304,13.89391935,食品饮料
2014-05-09,泸州老窖,-1.4907069333333354,13.906666065,食品饮料
2014-05-10,泸州老窖,-1.6400880333333312,13.99589307,食品饮料
2014-05-13,泸州老窖,-2.171213133333332,13.99589307,食品饮料
2014-05-14,泸州老窖,-2.303995233333328,14.246578465,食品饮料
2014-05-15,泸州老窖,-1.9886373333333296,14.13185803,食品饮料
2014-05-16,泸州老窖,-1.6732827333333304,14.02988431,食品饮料
2014-05-17,泸州老窖,-1.7396721333333325,13.957652925,食品饮料
2014-05-20,泸州老窖,-1.3081344333333291,13.957652925,食品饮料
2014-05-21,泸州老窖,-0.8267997333333312,13.63048724,食品饮料
2014-05-22,泸州老窖,-0.8765934333333298,13.47752666,食品饮料
2014-05-23,泸州老窖,-0.7770060333333291,13.55400695,食品饮料
2014-05-24,泸州老窖,-0.7438113333333298,13.430788705,食品饮料
2014-05-27,泸州老窖,-1.0259712333333333,13.430788705,食品饮料
2014-05-28,泸州老窖,-0.8102007333333319,13.54550914,食品饮料
2014-05-29,泸州老窖,-1.0259712333333333,13.549758045,食品饮料
2014-05-30,泸州老窖,-0.7604103333333327,13.549758045,食品饮料
2014-05-31,泸州老窖,-0.7272123333333305,13.46053104,食品饮料
2014-06-04,泸州老窖,-0.7936050333333321,13.46053104,食品饮料
2014-06-05,泸州老窖,-0.44505243333333055,13.36705513,食品饮料
2014-06-06,泸州老窖,-0.8267997333333312,13.354308415,食品饮料
2014-06-07,泸州老窖,-0.8599944333333341,13.48602447,食品饮料
2014-06-10,泸州老窖,-0.7106166333333306,13.48602447,食品饮料
2014-06-11,泸州老窖,-0.9097881333333292,13.473277755,食品饮料
2014-06-12,泸州老窖,-1.872454233333329,13.78344782,食品饮料
2014-06-13,泸州老窖,-1.689878433333334,13.90241716,食品饮料
2014-06-14,泸州老窖,1.2671327666666663,13.932159495,食品饮料
2014-06-17,泸州老窖,-1.8890532333333356,13.932159495,食品饮料
2014-06-18,泸州老窖,-1.6068900333333325,13.974648545,食品饮料
2014-06-19,泸州老窖,-1.2583407333333303,13.79194563,食品饮料
2014-06-20,泸州老窖,-0.8765934333333298,13.617740525,食品饮料
2014-06-21,泸州老窖,-1.059169233333332,13.596495999999998,食品饮料
2014-06-24,泸州老窖,-1.2085470333333321,13.596495999999998,食品饮料
2014-06-25,泸州老窖,-1.7396721333333325,13.86842592,食品饮料
2014-06-26,泸州老窖,-1.5239016333333346,13.898168255,食品饮料
2014-06-27,泸州老窖,-1.689878433333334,13.95340402,食品饮料
2014-06-28,泸州老窖,-1.6068900333333325,13.88542154,食品饮料
2014-07-01,泸州老窖,-1.656683733333331,13.88542154,食品饮料
2014-07-02,泸州老窖,-1.723076433333329,13.932159495,食品饮料
2014-07-03,泸州老窖,-1.9886373333333296,14.051128835,食品饮料
2014-07-04,泸州老窖,-2.038431033333332,14.059626645,食品饮料
2014-07-05,泸州老窖,-1.6234890333333318,14.000141975,食品饮料
2014-07-08,泸州老窖,-1.7728668333333315,14.000141975,食品饮料
2014-07-09,泸州老窖,-1.689878433333334,13.91091497,食品饮料
2014-07-10,泸州老窖,-1.2915354333333298,13.859928109999998,食品饮料
2014-07-11,泸州老窖,-1.1919480333333323,13.75795439,食品饮料
2014-07-12,泸州老窖,-1.4409132333333297,13.796194535,食品饮料
2014-07-15,泸州老窖,-2.270797233333333,13.796194535,食品饮料
2014-07-16,泸州老窖,-2.8849140333333274,14.49726386,食品饮料
2014-07-17,泸州老窖,-2.287396233333329,14.433530285,食品饮料
2014-07-18,泸州老窖,-2.420178333333329,14.25932518,食品饮料
2014-07-19,泸州老窖,-3.1836729333333302,14.637477725,食品饮料
2014-07-22,泸州老窖,-3.1172802333333323,14.637477725,食品饮料
2014-07-23,泸州老窖,-3.33305073333333,14.679966775,食品饮料
2014-07-24,泸州老窖,-3.133879233333332,14.739451445,食品饮料
2014-07-25,泸州老窖,-3.5156265333333323,14.83717626,食品饮料
2014-07-26,泸州老窖,-4.328911533333333,15.10910618,食品饮料
2014-07-29,泸州老窖,-5.590336533333336,15.10910618,食品饮料
2014-07-30,泸州老窖,-5.590336533333336,15.95888718,食品饮料
2014-07-31,泸州老窖,-5.5073481333333305,15.96738499,食品饮料
2014-08-01,泸州老窖,-6.486609933333334,16.145839000000002,食品饮料
2014-08-02,泸州老窖,-6.486609933333334,16.54523607,食品饮料
2014-08-05,泸州老窖,-6.486609933333334,16.54523607,食品饮料
2014-08-06,泸州老窖,-6.984540333333326,16.64720979,食品饮料
2014-08-07,泸州老窖,-6.984540333333326,16.481502495,食品饮料
2014-08-08,泸州老窖,-5.839301733333333,16.328541915,食品饮料
2014-08-09,泸州老窖,-8.313407433333332,16.08635433,食品饮料
2014-08-12,泸州老窖,-8.56450113333333,16.08635433,食品饮料
2014-08-13,泸州老窖,-8.56450113333333,16.133092285,食品饮料
2014-08-14,泸州老窖,-9.712353333333333,16.676952125,食品饮料
2014-08-15,泸州老窖,-9.084620733333333,16.672703220000002,食品饮料
2014-08-16,泸州老窖,-9.084620733333333,16.672703220000002,食品饮料
2014-08-19,泸州老窖,-10.591179633333333,16.672703220000002,食品饮料
2014-08-20,泸州老窖,-10.591179633333333,16.98712219,食品饮料
2014-08-21,泸州老窖,-10.053121233333336,16.909542045000002,食品饮料
2014-08-22,泸州老窖,-7.380777933333333,16.827919155,食品饮料
2014-08-23,泸州老窖,-7.829155533333327,16.846057575,食品饮料
2014-08-26,泸州老窖,-7.470452133333333,16.846057575,食品饮料
2014-08-27,泸州老窖,-6.4660806333333305,16.365389444999998,食品饮料
2014-08-28,泸州老窖,-6.4660806333333305,16.211212875,食品饮料
2014-08-29,泸州老窖,-5.928025533333329,16.020759464999998,食品饮料
2014-08-30,泸州老窖,-6.573693633333327,16.09784775,食品饮料
2014-09-02,泸州老窖,-6.763468033333336,16.09784775,食品饮料
2014-09-03,泸州老窖,-7.445003833333335,16.687346400000006,食品饮料
2014-09-04,泸州老窖,-7.445003833333335,16.977561119999994,食品饮料
2014-09-05,泸州老窖,-7.624355533333333,16.85059218,食品饮料
2014-09-06,泸州老窖,-7.624355533333333,16.827919155,食品饮料
2014-09-10,泸州老窖,-6.924884233333334,16.827919155,食品饮料
2014-09-11,泸州老窖,-7.1042359333333325,16.52410062,食品饮料
2014-09-12,泸州老窖,-6.763468033333336,16.60572351,食品饮料
2014-09-13,泸州老窖,-7.391197333333333,16.29737037,食品饮料
2014-09-16,泸州老窖,-6.5482453333333375,16.29737037,食品饮料
2014-09-17,泸州老窖,-5.6873545333333375,16.16133222,食品饮料
2014-09-18,泸州老窖,-5.97431923333334,15.92553276,食品饮料
2014-09-19,泸州老窖,-5.97431923333334,15.975413415,食品饮料
2014-09-20,泸州老窖,-6.1895386333333375,16.102382355,食品饮料
2014-09-23,泸州老窖,-6.1895386333333375,16.102382355,食品饮料
2014-09-24,泸州老窖,-5.292780133333333,15.689733300000002,食品饮料
2014-09-25,泸州老窖,-5.812899733333335,15.794029215,食品饮料
2014-09-26,泸州老窖,-5.938448233333336,16.07970933,食品饮料
2014-09-27,泸州老窖,-5.938448233333336,16.020759464999998,食品饮料
2014-09-30,泸州老窖,-6.297151633333338,16.020759464999998,食品饮料
2014-10-01,泸州老窖,-6.297151633333338,16.165866825000002,食品饮料
2014-10-09,泸州老窖,-6.010186933333337,16.165866825000002,食品饮料
2014-10-10,泸州老窖,-6.010186933333337,15.88925592,食品饮料
2014-10-11,泸州老窖,-6.010186933333337,15.95274039,食品饮料
2014-10-14,泸州老窖,-4.754725033333337,15.95274039,食品饮料
2014-10-15,泸州老窖,-4.969947733333335,15.576368175,食品饮料
2014-10-16,泸州老窖,-4.3780828333333375,15.25441122,食品饮料
2014-10-17,泸州老窖,-4.324279633333339,15.19092675,食品饮料
2014-10-18,泸州老窖,-4.593305533333336,15.258945825,食品饮料
2014-10-21,泸州老窖,-4.485695833333338,15.258945825,食品饮料
2014-10-22,泸州老窖,-4.2346021333333335,15.231738195,食品饮料
2014-10-23,泸州老窖,-12.89926693333334,15.095700045,食品饮料
2014-10-24,泸州老窖,-12.150902833333335,14.823623745,食品饮料
2014-10-25,泸州老窖,-12.05735443333334,14.696654805,食品饮料
2014-10-28,泸州老窖,-12.291218833333335,14.696654805,食品饮料
2014-10-29,泸州老窖,-12.712176733333333,14.82815835,食品饮料
2014-10-30,泸州老窖,-12.99281203333334,14.91885045,食品饮料
2014-10-31,泸州老窖,-12.946041133333335,15.0548886,食品饮料
2014-11-01,泸州老窖,-13.647634333333333,15.1455807,食品饮料
2014-11-04,泸州老窖,-14.162196866666667,15.1455807,食品饮料
2014-11-05,泸州老窖,-13.671080966666665,14.995938735,食品饮料
2014-11-06,泸州老窖,-13.483990766666665,14.82815835,食品饮料
2014-11-07,泸州老窖,-13.764629366666668,14.941523475,食品饮料
2014-11-08,泸州老窖,-14.162196866666667,15.03675018,食品饮料
2014-11-11,泸州老窖,-15.752476766666668,15.03675018,食品饮料
2014-11-12,泸州老窖,-15.471838166666664,15.76228698,食品饮料
2014-11-13,泸州老窖,-15.635544566666667,15.57183357,食品饮料
2014-11-14,泸州老窖,-15.191199566666667,15.58090278,食品饮料
2014-11-15,泸州老窖,-15.892792766666672,15.667060275,食品饮料
2014-11-18,泸州老窖,-15.30813176666667,15.667060275,食品饮料
2014-11-19,泸州老窖,-14.653312766666666,15.404053185,食品饮料
2014-11-20,泸州老窖,-14.723470766666665,15.36324174,食品饮料
2014-11-21,泸州老窖,-14.653312766666666,15.277084245,食品饮料
2014-11-22,泸州老窖,-15.027496466666667,15.37231095,食品饮料
2014-11-25,泸州老窖,-13.671080966666665,15.37231095,食品饮料
2014-11-26,泸州老窖,-16.10327336666667,15.77135619,食品饮料
2014-11-27,泸州老窖,-16.758092366666666,15.984482625,食品饮料
2014-11-28,泸州老窖,-16.454069966666665,16.06157091,食品饮料
2014-11-29,泸州老窖,-17.062114766666667,16.111451565,食品饮料
2014-12-02,泸州老窖,-18.886259066666668,16.111451565,食品饮料
2014-12-03,泸州老窖,-19.073349266666668,16.909542045000002,食品饮料
2014-12-04,泸州老窖,-19.587852266666665,17.4128832,食品饮料
2014-12-05,泸州老窖,-20.757174266666667,17.444625435,食品饮料
2014-12-06,泸州老窖,-22.628089466666665,17.74844397,食品饮料
2014-12-09,泸州老窖,-23.46999866666667,17.74844397,食品饮料
2014-12-10,泸州老窖,-20.499922766666664,18.410496300000002,食品饮料
2014-12-11,泸州老窖,-22.768405466666664,18.006916455,食品饮料
2014-12-12,泸州老窖,-22.39422506666667,18.514792215,食品饮料
2014-12-13,泸州老窖,-22.581315266666664,18.44677314,食品饮料
2014-12-16,泸州老窖,-23.07243116666667,18.44677314,食品饮料
2014-12-17,泸州老窖,-23.39984066666667,18.478515375,食品饮料
2014-12-18,泸州老窖,-22.090199366666674,18.369684855,食品饮料
2014-12-19,泸州老窖,-21.43538036666667,18.12935079,食品饮料
2014-12-20,泸州老窖,-22.090199366666674,18.02958948,食品饮料
2014-12-23,泸州老窖,-23.353066466666668,18.02958948,食品饮料
2014-12-24,泸州老窖,-24.990117266666665,19.077083235,食品饮料
2014-12-25,泸州老窖,-23.750637266666665,19.240329015,食品饮料
2014-12-26,泸州老窖,-24.21836606666667,18.82767996,食品饮料
2014-12-27,泸州老窖,-24.38206916666667,18.913837455,食品饮料
2014-12-30,泸州老窖,-23.002269866666666,18.913837455,食品饮料
2014-12-31,泸州老窖,-22.16036066666667,18.433169325,食品饮料
2015-01-01,泸州老窖,-22.885337666666665,18.51932682,食品饮料
2015-01-06,泸州老窖,-26.39330366666667,18.51932682,食品饮料
2015-01-07,泸州老窖,-25.644939566666665,19.521474525,食品饮料
2015-01-08,泸州老窖,-25.66832336666667,19.802620035,食品饮料
2015-01-09,泸州老窖,-25.785255566666667,19.65297807,食品饮料
2015-01-10,泸州老窖,-25.27075586666667,19.76180859,食品饮料
2015-01-13,泸州老窖,-20.47653566666667,19.76180859,食品饮料
2015-01-14,泸州老窖,-19.845100466666665,17.38567557,食品饮料
2015-01-15,泸州老窖,-20.172513266666673,17.480902275,食品饮料
2015-01-16,泸州老窖,-20.40637766666667,17.344864125,食品饮料
2015-01-17,泸州老窖,-20.663625866666663,17.58519819,食品饮料
2015-01-20,泸州老窖,-18.020959466666667,17.58519819,食品饮料
2015-01-21,泸州老窖,-18.816097766666665,16.882334415,食品饮料
2015-01-22,泸州老窖,-19.938648866666668,17.13173769,食品饮料
2015-01-23,泸州老窖,-20.219284166666668,17.421952410000006,食品饮料
2015-01-24,泸州老窖,-20.125739066666668,17.499040694999998,食品饮料
2015-01-27,泸州老窖,-20.850719366666667,17.499040694999998,食品饮料
2015-01-28,泸州老窖,-20.991038666666668,17.784720810000003,食品饮料
2015-01-29,泸州老窖,-20.195897066666667,17.57612898,食品饮料
2015-01-30,泸州老窖,-19.962032666666676,17.335794915,食品饮料
2015-01-31,泸州老窖,-19.891874666666666,17.51264451,食品饮料
2015-02-03,泸州老窖,-18.933029966666673,17.51264451,食品饮料
2015-02-04,泸州老窖,-19.470920066666665,17.081857035,食品饮料
2015-02-05,泸州老窖,-19.400758766666673,17.24963742,食品饮料
2015-02-06,泸州老窖,-19.143507266666667,17.24963742,食品饮料
2015-02-07,泸州老窖,-17.763707966666665,16.75990008,食品饮料
2015-02-10,泸州老窖,-18.512075366666664,16.75990008,食品饮料
2015-02-11,泸州老窖,-21.154741766666668,17.943431985,食品饮料
2015-02-12,泸州老窖,-21.622470566666664,17.889016725,食品饮料
2015-02-13,泸州老窖,-21.856334966666665,18.17469684,食品饮料
2015-02-14,泸州老窖,-23.18936336666667,18.58281129,食品饮料
2015-02-17,泸州老窖,-22.745021666666666,18.58281129,食品饮料
2015-02-18,泸州老窖,-22.090199366666674,18.342477225000003,食品饮料
2015-02-26,泸州老窖,-22.27729286666667,18.342477225000003,食品饮料
2015-02-27,泸州老窖,-22.86195386666667,18.387823275,食品饮料
2015-02-28,泸州老窖,-22.791792566666665,18.73698786,食品饮料
2015-03-03,泸州老窖,-22.46438306666667,18.73698786,食品饮料
2015-03-04,泸州老窖,-21.80956406666667,18.161093025,食品饮料
2015-03-05,泸州老窖,-22.815179666666666,18.278992755,食品饮料
2015-03-06,泸州老窖,-22.698247466666665,18.43770393,食品饮料
2015-03-07,泸州老窖,-23.46999866666667,18.67350339,食品饮料
2015-03-10,泸州老窖,-23.703863066666663,18.67350339,食品饮料
2015-03-11,泸州老窖,-24.171591866666674,18.986391135,食品饮料
2015-03-12,泸州老窖,-23.820795266666664,19.09975626,食品饮料
2015-03-13,泸州老窖,-24.28852406666667,18.977321925,食品饮料
2015-03-14,泸州老窖,-23.914340366666664,18.97278732,食品饮料
2015-03-17,泸州老窖,-25.715097566666664,18.97278732,食品饮料
2015-03-18,泸州老窖,-28.053741566666666,20.61431433,食品饮料
2015-03-19,泸州老窖,-28.989199166666666,21.01335957,食品饮料
2015-03-20,泸州老窖,-28.006967366666665,20.55989907,食品饮料
2015-03-21,泸州老窖,-28.942424966666664,20.70500643,食品饮料
2015-03-24,泸州老窖,-29.24645066666667,20.70500643,食品饮料
2015-03-25,泸州老窖,-30.111746966666665,20.927202075,食品饮料
2015-03-26,泸州老窖,-28.989199166666666,20.972548125,食品饮料
2015-03-27,泸州老窖,-32.497165166666676,21.61192743,食品饮料
2015-03-28,泸州老窖,-31.982662166666664,22.450829355,食品饮料
2015-03-31,泸州老窖,-34.34469326666667,22.450829355,食品饮料
2015-04-01,泸州老窖,-104.24942156666664,22.56419448,食品饮料
2015-04-02,泸州老窖,-104.30202026666666,22.142476215,食品饮料
2015-04-03,泸州老窖,-105.40655006666668,22.432690935,食品饮料
2015-04-04,泸州老窖,-104.61759926666664,22.28304897,食品饮料
2015-04-08,泸州老窖,-106.66887266666667,22.28304897,食品饮料
2015-04-09,泸州老窖,-105.72213236666668,22.90882446,食品饮料
2015-04-10,泸州老窖,-101.40919736666666,22.11073398,食品饮料
2015-04-11,泸州老窖,-103.51306616666668,21.95655741,食品饮料
2015-04-14,泸州老窖,-105.87992186666663,21.95655741,食品饮料
2015-04-15,泸州老窖,-108.93053096666664,22.786390125,食品饮料
2015-04-16,泸州老窖,-104.19682616666668,22.7637171,食品饮料
2015-04-17,泸州老窖,-113.92722266666668,23.18090076,食品饮料
2015-04-18,泸州老窖,-111.77075516666667,23.82481467,食品饮料
2015-04-21,泸州老窖,-106.77406676666666,23.82481467,食品饮料
2015-04-22,泸州老窖,-116.55706196666668,23.65249968,食品饮料
2015-04-23,泸州老窖,-119.34468746666668,24.527678445,食品饮料
2015-04-24,泸州老窖,-108.99785096666668,24.16037544,食品饮料
2015-04-25,泸州老窖,-105.10451756666666,23.87922993,食品饮料
2015-04-28,泸州老窖,-106.65186776666668,23.87922993,食品饮料
2015-04-29,泸州老窖,-101.21118416666664,23.330542725,食品饮料
2015-04-30,泸州老窖,-103.10793836666666,23.194504575,食品饮料
2015-05-01,泸州老窖,-103.45733906666666,23.339611935,食品饮料
2015-05-05,泸州老窖,-113.31711266666665,23.339611935,食品饮料
2015-05-06,泸州老窖,-104.73181286666666,22.70023263,食品饮料
2015-05-07,泸州老窖,-101.93660066666666,21.82958847,食品饮料
2015-05-08,泸州老窖,-100.48907876666668,21.407870205,食品饮料
2015-05-09,泸州老窖,-103.13454686666668,21.42147402,食品饮料
2015-05-12,泸州老窖,-105.92976236666664,21.42147402,食品饮料
2015-05-13,泸州老窖,-105.97967486666668,22.251306735,食品饮料
2015-05-14,泸州老窖,-105.08121356666668,22.19235687,食品饮料
2015-05-15,泸州老窖,-104.18275226666668,21.80238084,食品饮料
2015-05-16,泸州老窖,-102.28600136666668,21.78424242,食品饮料
2015-05-19,泸州老窖,-103.23437846666666,21.78424242,食品饮料
2015-05-20,泸州老窖,-105.63027416666668,21.879469125,食品饮料
2015-05-21,泸州老窖,-106.22924726666665,22.4009487,食品饮料
2015-05-22,泸州老窖,-110.77146956666668,22.70023263,食品饮料
2015-05-23,泸州老窖,-114.91437536666666,23.98806045,食品饮料
2015-05-26,泸州老窖,-116.46172556666669,23.98806045,食品饮料
2015-05-27,泸州老窖,-119.45659766666664,24.346294245,食品饮料
2015-05-28,泸州老窖,-117.50993096666667,24.45059016,食品饮料
2015-05-29,泸州老窖,-110.32224056666666,24.037941105,食品饮料
2015-05-30,泸州老窖,-109.52360756666666,22.79092473,食品饮料
2015-06-02,泸州老窖,-115.11403526666666,22.79092473,食品饮料
2015-06-03,泸州老窖,-117.46001516666666,24.001664265,食品饮料
2015-06-04,泸州老窖,-115.46343596666664,24.20572149,食品饮料
2015-06-05,泸州老窖,-118.20873566666668,23.82481467,食品饮料
2015-06-06,泸州老窖,-123.99881996666667,25.11264249,食品饮料
2015-06-09,泸州老窖,-128.94035876666666,25.11264249,食品饮料
2015-06-10,泸州老窖,-124.84736546666667,26.12839401,食品饮料
2015-06-11,泸州老窖,-127.54275266666664,25.99235586,食品饮料
2015-06-12,泸州老窖,-126.49454726666669,25.9379406,食品饮料
2015-06-13,泸州老窖,-132.43437566666668,26.95369212,食品饮料
2015-06-16,泸州老窖,-133.08326456666666,26.95369212,食品饮料
2015-06-17,泸州老窖,-125.44634186666669,26.2100169,食品饮料
2015-06-18,泸州老窖,-126.99369206666664,25.534360755,食品饮料
2015-06-19,泸州老窖,-122.90069876666666,26.096651775,食品饮料
2015-06-20,泸州老窖,-114.71471876666666,24.627439755,食品饮料
2015-06-24,泸州老窖,-127.84223756666664,24.627439755,食品饮料
2015-06-25,泸州老窖,-142.26753746666662,27.738178785,食品饮料
2015-06-26,泸州老窖,-143.16599876666666,29.37517119,食品饮料
2015-06-27,泸州老窖,-138.42411656666667,28.164431655,食品饮料
2015-06-30,泸州老窖,-153.14890136666662,28.164431655,食品饮料
2015-07-01,泸州老窖,-146.46035576666662,29.225529225,食品饮料
2015-07-02,泸州老窖,-137.27608286666666,29.3842404,食品饮料
2015-07-03,泸州老窖,-121.90240916666664,26.259897555,食品饮料
2015-07-04,泸州老窖,-108.07608566666666,23.847487695,食品饮料
2015-07-07,泸州老窖,-105.48053006666666,23.847487695,食品饮料
2015-07-08,泸州老窖,-93.50104496666664,20.84104458,食品饮料
2015-07-09,泸州老窖,-82.51984946666667,18.27445815,食品饮料
2015-07-10,泸州老窖,-92.40292376666666,18.895699035,食品饮料
2015-07-11,泸州老窖,-103.28429096666667,21.20381298,食品饮料
2015-07-14,泸州老窖,-115.26377606666668,21.20381298,食品饮料
2015-07-15,泸州老窖,-109.52360756666666,23.6706381,食品饮料
2015-07-16,泸州老窖,-104.48224046666664,21.62099664,食品饮料
2015-07-17,泸州老窖,-107.32736846666668,21.99283425,食品饮料
2015-07-18,泸州老窖,-111.96941906666666,23.07207024,食品饮料
2015-07-21,泸州老窖,-108.02616986666663,23.07207024,食品饮料
2015-07-22,泸州老窖,-109.37386346666663,22.550590665,食品饮料
2015-07-23,泸州老窖,-109.12429106666669,22.795459335,食品饮料
2015-07-24,泸州老窖,-111.52018676666664,22.931497485,食品饮料
2015-07-25,泸州老窖,-110.57181296666668,23.49832311,食品饮料
2015-07-28,泸州老窖,-97.89352316666668,23.49832311,食品饮料
2015-07-29,泸州老窖,-100.28941886666664,20.473741575,食品饮料
2015-07-30,泸州老窖,-104.18275226666668,21.353454945,食品饮料
2015-07-31,泸州老窖,-103.03471856666664,22.341998835,食品饮料
2015-08-01,泸州老窖,-107.57694086666665,21.961092015,食品饮料
2015-08-04,泸州老窖,-108.82480286666666,21.961092015,食品饮料
2015-08-05,泸州老窖,-112.56839216666664,23.067535635,食品饮料
2015-08-06,泸州老窖,-109.47369176666665,23.02672419,食品饮料
2015-08-07,泸州老窖,-107.22754016666669,22.523383035,食品饮料
2015-08-08,泸州老窖,-109.32394766666668,22.822666965,食品饮料
2015-08-11,泸州老窖,-114.06582986666666,22.822666965,食品饮料
2015-08-12,泸州老窖,-117.50993096666667,24.201186885,食品饮料
2015-08-13,泸州老窖,-113.76634166666665,24.110494785,食品饮料
2015-08-14,泸州老窖,-115.01420366666667,23.38949259,食品饮料
2015-08-15,泸州老窖,-120.45488726666665,24.799754745,食品饮料
2015-08-18,泸州老窖,-120.70445966666664,24.799754745,食品饮料
2015-08-19,泸州老窖,-109.07437526666666,23.874695325,食品饮料
2015-08-20,泸州老窖,-112.96770866666664,22.93603209,食品饮料
2015-08-21,泸州老窖,-110.42206886666666,23.167296945,食品饮料
2015-08-22,泸州老窖,-98.49249626666668,22.174567680000006,食品饮料
2015-08-25,泸州老窖,-87.01215596666665,22.174567680000006,食品饮料
2015-08-26,泸州老窖,-78.99899696666667,18.68638083,食品饮料
2015-08-27,泸州老窖,-80.17687586666666,18.60678462,食品饮料
2015-08-28,泸州老窖,-87.44045306666666,19.22950791,食品饮料
2015-08-29,泸州老窖,-91.66117946666664,20.19870882,食品饮料
2015-09-01,泸州老窖,-90.82685036666666,20.19870882,食品饮料
2015-09-02,泸州老窖,-88.99415383333331,19.59003192,食品饮料
2015-09-03,泸州老窖,-90.76096723333332,19.90373463,食品饮料
2015-09-08,泸州老窖,-86.04945823333333,19.90373463,食品饮料
2015-09-09,泸州老窖,-88.01258863333332,19.332514770000003,食品饮料
2015-09-10,泸州老窖,-91.05543943333332,20.14252326,食品饮料
2015-09-11,泸州老窖,-87.57088363333332,20.05356279,食品饮料
2015-09-12,泸州老窖,-87.57088363333332,19.796045640000006,食品饮料
2015-09-15,泸州老窖,-82.2704368333333,19.796045640000006,食品饮料
2015-09-16,泸州老窖,-81.23979403333333,18.81279834,食品饮料
2015-09-17,泸州老窖,-87.86535253333332,19.32783264,食品饮料
2015-09-18,泸州老窖,-84.33172243333333,19.48702506,食品饮料
2015-09-19,泸州老窖,-86.09853913333332,19.47297867,食品饮料
2015-09-22,泸州老窖,-88.65060403333332,19.47297867,食品饮料
2015-09-23,泸州老窖,-88.74876253333332,20.07229131,食品饮料
2015-09-24,泸州老窖,-86.09853913333332,19.56662127,食品饮料
2015-09-25,泸州老窖,-88.11074383333332,19.688356650000006,食品饮料
2015-09-26,泸州老窖,-86.54024083333331,19.84286694,食品饮料
2015-09-29,泸州老窖,-85.80406693333332,19.84286694,食品饮料
2015-09-30,泸州老窖,-84.38080003333332,19.27632921,食品饮料
2015-10-01,泸州老窖,-84.77342413333331,19.29505773,食品饮料
2015-10-09,泸州老窖,-87.76719733333331,19.29505773,食品饮料
2015-10-10,泸州老窖,-88.01258863333332,19.76795286,食品饮料
2015-10-13,泸州老窖,-91.84069093333332,19.76795286,食品饮料
2015-10-14,泸州老窖,-91.59529963333333,20.41876893,食品饮料
2015-10-15,泸州老窖,-91.00635853333333,20.63414691,食品饮料
2015-10-16,泸州老窖,-93.31303543333333,20.648193300000003,食品饮料
2015-10-17,泸州老窖,-94.58906953333332,21.01339944,食品饮料
2015-10-20,泸州老窖,-93.11672503333332,21.01339944,食品饮料
2015-10-21,泸州老窖,-93.85289563333332,20.84016063,食品饮料
2015-10-22,泸州老窖,-89.23954513333332,20.54518644,食品饮料
2015-10-23,泸州老窖,-90.95728093333332,20.25489438,食品饮料
2015-10-24,泸州老窖,-95.27616583333332,21.02744583,食品饮料
2015-10-27,泸州老窖,-95.12892973333332,21.02744583,食品饮料
2015-10-28,泸州老窖,-94.29460063333332,20.858889150000003,食品饮料
2015-10-29,泸州老窖,-95.91418123333332,21.23814168,食品饮料
2015-10-30,泸州老窖,-98.22587743333332,21.70167255,食品饮料
2015-10-31,泸州老窖,-101.03393983333332,22.35717075,食品饮料
2015-11-03,泸州老窖,-100.86502787777776,22.35717075,食品饮料
2015-11-04,泸州老窖,-98.00854787777777,22.207342590000003,食品饮料
2015-11-05,泸州老窖,-103.43101547777776,22.455495480000003,食品饮料
2015-11-06,泸州老窖,-105.12553577777777,23.39192148,食品饮料
2015-11-07,泸州老窖,-105.90017447777777,23.23272906,食品饮料
2015-11-10,泸州老窖,-105.51285677777777,23.23272906,食品饮料
2015-11-11,泸州老窖,-105.4160248777778,23.30764314,食品饮料
2015-11-12,泸州老窖,-104.78663237777779,23.18590776,食品饮料
2015-11-13,泸州老窖,-103.43101547777776,22.96116552,食品饮料
2015-11-14,泸州老窖,-100.18721777777779,22.54913808,食品饮料
2015-11-17,泸州老窖,-103.57626167777778,22.54913808,食品饮料
2015-11-18,泸州老窖,-103.57626167777778,23.05949025,食品饮料
2015-11-19,泸州老窖,-101.97856997777777,22.77388032,食品饮料
2015-11-20,泸州老窖,-103.33418687777777,22.82070162,食品饮料
2015-11-21,泸州老窖,-105.22236767777777,23.11099368,食品饮料
2015-11-24,泸州老窖,-103.67309027777776,23.11099368,食品饮料
2015-11-25,泸州老窖,-103.7215045777778,22.82070162,食品饮料
2015-11-26,泸州老窖,-103.57626167777778,22.82070162,食品饮料
2015-11-27,泸州老窖,-102.60796247777779,22.89093357,食品饮料
2015-11-28,泸州老窖,-96.94342337777779,22.174567680000006,食品饮料
2015-12-01,泸州老窖,-97.28232677777777,22.174567680000006,食品饮料
2015-12-02,泸州老窖,-100.13880347777777,22.00132887,食品饮料
2015-12-03,泸州老窖,-105.4160248777778,22.68491985,食品饮料
2015-12-04,泸州老窖,-105.27078197777777,23.16249711,食品饮料
2015-12-05,泸州老窖,-105.94858877777777,23.09226516,食品饮料
2015-12-08,泸州老窖,-105.94858877777777,23.09226516,食品饮料
2015-12-09,泸州老窖,-102.12381287777777,22.97052978,食品饮料
2015-12-10,泸州老窖,-102.41430197777778,22.69896624,食品饮料
2015-12-11,泸州老窖,-100.86502787777776,22.57723086,食品饮料
2015-12-12,泸州老窖,-102.65637677777778,22.61000577,食品饮料
2015-12-15,泸州老窖,-105.94858877777777,22.61000577,食品饮料
2015-12-16,泸州老窖,-107.3042056777778,23.555796030000003,食品饮料
2015-12-17,泸州老窖,-105.31919627777776,23.452789170000006,食品饮料
2015-12-18,泸州老窖,-108.90189737777777,23.841405960000003,食品饮料
2015-12-19,泸州老窖,-110.45117477777777,24.10828737,食品饮料
2015-12-22,泸州老窖,-121.68342767777777,24.10828737,食品饮料
2015-12-23,泸州老窖,-120.03732167777777,26.15437818,食品饮料
2015-12-24,泸州老窖,-117.08401307777778,25.85940399,食品饮料
2015-12-25,泸州老窖,-117.22925927777777,25.54570128,食品饮料
2015-12-26,泸州老窖,-115.29266087777779,25.31159478,食品饮料
2015-12-29,泸州老窖,-111.80679167777777,25.31159478,食品饮料
2015-12-30,泸州老窖,-114.22753637777777,24.71228214,食品饮料
2015-12-31,泸州老窖,-113.54972627777776,25.0025742,食品饮料
2016-01-01,泸州老窖,-116.26096007777781,25.37246247,食品饮料
2016-01-05,泸州老窖,-105.94858877777777,25.37246247,食品饮料
2016-01-06,泸州老窖,-107.93360147777777,23.6915778,食品饮料
2016-01-07,泸州老窖,-110.49958907777777,23.93504856,食品饮料
2016-01-08,泸州老窖,-101.05868837777778,23.07353664,食品饮料
2016-01-09,泸州老窖,-101.93015567777779,22.53977382,食品饮料
2016-01-12,泸州老窖,-95.63622077777778,22.53977382,食品饮料
2016-01-13,泸州老窖,-95.68463507777778,21.500340960000006,食品饮料
2016-01-14,泸州老窖,-93.45755087777779,21.43479114,食品饮料
2016-01-15,泸州老窖,-96.45927377777778,20.84016063,食品饮料
2016-01-16,泸州老窖,-93.40913657777777,21.32242002,食品饮料
2016-01-19,泸州老窖,-93.65121137777777,21.32242002,食品饮料
2016-01-20,泸州老窖,-97.04025197777777,21.3505128,食品饮料
2016-01-21,泸州老窖,-94.76475347777777,21.32710215,食品饮料
2016-01-22,泸州老窖,-90.98839187777777,20.97126027,食品饮料
2016-01-23,泸州老窖,-91.71461297777779,20.5545507,食品饮料
2016-01-26,泸州老窖,-92.92498697777779,20.5545507,食品饮料
2016-01-27,泸州老窖,-86.63105207777777,20.26425864,食品饮料
2016-01-28,泸州老窖,-85.56592427777778,19.31378625,食品饮料
2016-01-29,泸州老窖,-83.04835097777777,19.17332235,食品饮料
2016-01-30,泸州老窖,-87.84142277777778,19.66026387,食品饮料
2016-02-02,泸州老窖,-87.59934797777777,19.66026387,食品饮料
2016-02-03,泸州老窖,-88.80972197777778,20.09570196,食品饮料
2016-02-04,泸州老窖,-89.39070017777777,20.01142362,食品饮料
2016-02-05,泸州老窖,-89.82643547777779,20.30171568,食品饮料
2016-02-06,泸州老窖,-87.45410507777777,20.02078788,食品饮料
2016-02-16,泸州老窖,-85.9532419777778,20.02078788,食品饮料
2016-02-17,泸州老窖,-88.9065505777778,19.88032398,食品饮料
2016-02-18,泸州老窖,-89.34228587777777,20.12379474,食品饮料
2016-02-19,泸州老窖,-88.80972197777778,20.25957651,食品饮料
2016-02-20,泸州老窖,-88.61606147777779,20.06760918,食品饮料
2016-02-23,泸州老窖,-90.11692457777777,20.06760918,食品饮料
2016-02-24,泸州老窖,-92.63449787777779,20.79802146,食品饮料
2016-02-25,泸州老窖,-93.3607189777778,20.858889150000003,食品饮料
2016-02-26,泸州老窖,-85.66275287777778,20.19870882,食品饮料
2016-02-27,泸州老窖,-86.63105207777777,19.57598553,食品饮料
2016-03-01,泸州老窖,-80.91809537777776,19.57598553,食品饮料
2016-03-02,泸州老窖,-82.37054087777777,18.695745090000006,食品饮料
2016-03-03,泸州老窖,-86.53422347777777,19.29973986,食品饮料
2016-03-04,泸州老窖,-88.08349757777779,20.04888066,食品饮料
2016-03-05,泸州老窖,-90.50424227777779,20.14720539,食品饮料
2016-03-08,泸州老窖,-93.99011477777779,20.14720539,食品饮料
2016-03-09,泸州老窖,-91.95668777777777,20.50304727,食品饮料
2016-03-10,泸州老窖,-90.31058177777777,20.33449059,食品饮料
2016-03-11,泸州老窖,-92.0535196777778,20.75120016,食品饮料
2016-03-12,泸州老窖,-92.73132647777778,20.76992868,食品饮料
2016-03-15,泸州老窖,-94.08694337777777,20.76992868,食品饮料
2016-03-16,泸州老窖,-94.42584677777776,21.02744583,食品饮料
2016-03-17,泸州老窖,-94.03852907777778,21.04149222,食品饮料
2016-03-18,泸州老窖,-95.82987797777778,21.32710215,食品饮料
2016-03-19,泸州老窖,-98.25062267777778,21.62675847,食品饮料
2016-03-22,泸州老窖,-98.15379407777776,21.62675847,食品饮料
2016-03-23,泸州老窖,-99.60623957777777,22.11838212,食品饮料
2016-03-24,泸州老窖,-99.55782527777778,22.16520342,食品饮料
2016-03-25,泸州老窖,-102.55954817777777,22.474224,食品饮料
2016-03-26,泸州老窖,-103.67309027777776,23.07353664,食品饮料
2016-03-29,泸州老窖,-106.72322747777778,23.07353664,食品饮料
2016-03-30,泸州老窖,-103.33418687777777,23.12504007,食品饮料
2016-03-31,泸州老窖,-105.31919627777776,23.10162942,食品饮料
2016-04-01,泸州老窖,-104.30248277777778,23.19527202,食品饮料
2016-04-02,泸州老窖,-103.47942977777777,22.95648339,食品饮料
2016-04-06,泸州老窖,-103.81833647777776,22.95648339,食品饮料
2016-04-07,泸州老窖,-106.82005937777777,23.28891462,食品饮料
2016-04-08,泸州老窖,-102.12381287777777,23.11099368,食品饮料
2016-04-09,泸州老窖,-100.57453877777779,22.39930992,食品饮料
2016-04-12,泸州老窖,-100.62295307777778,22.39930992,食品饮料
2016-04-13,泸州老窖,-99.79990007777776,22.15115703,食品饮料
2016-04-14,泸州老窖,-100.42929257777777,22.40867418,食品饮料
2016-04-15,泸州老窖,-101.88174137777777,22.47890613,食品饮料
2016-04-16,泸州老窖,-100.7681959777778,22.45549548,食品饮料
2016-04-19,泸州老窖,-98.63794367777778,22.45549548,食品饮料
2016-04-20,泸州老窖,-98.7347722777778,21.85150071,食品饮料
2016-04-21,泸州老窖,-98.7347722777778,22.006010999999997,食品饮料
2016-04-22,泸州老窖,-98.7347722777778,22.006010999999997,食品饮料
2016-04-23,泸州老窖,-98.7347722777778,22.006010999999997,食品饮料
2016-04-26,泸州老窖,-98.7347722777778,22.006010999999997,食品饮料
2016-04-27,泸州老窖,-98.7347722777778,22.006010999999997,食品饮料
2016-04-28,泸州老窖,-98.7347722777778,22.006010999999997,食品饮料
2016-04-29,泸州老窖,-56.172226977777775,22.006010999999997,食品饮料
2016-04-30,泸州老窖,-56.172226977777775,22.006010999999997,食品饮料
2016-05-04,泸州老窖,-58.04010919999999,22.006010999999997,食品饮料
2016-05-05,泸州老窖,-58.04010919999999,22.006010999999997,食品饮料
2016-05-06,泸州老窖,-58.04010919999999,22.006010999999997,食品饮料
2016-05-07,泸州老窖,-58.04010919999999,22.006010999999997,食品饮料
2016-05-10,泸州老窖,-58.04010919999999,22.006010999999997,食品饮料
2016-05-11,泸州老窖,-58.04010919999999,22.006010999999997,食品饮料
2016-05-12,泸州老窖,-58.04010919999999,22.006010999999997,食品饮料
2016-05-13,泸州老窖,-58.04010919999999,22.006010999999997,食品饮料
2016-05-14,泸州老窖,-58.04010919999999,22.006010999999997,食品饮料
2016-05-17,泸州老窖,-58.04010919999999,22.006010999999997,食品饮料
2016-05-18,泸州老窖,-61.2522434,23.49492834,食品饮料
2016-05-19,泸州老窖,-59.22193159999999,22.563184470000003,食品饮料
2016-05-20,泸州老窖,-58.403746100000006,22.28225667,食品饮料
2016-05-21,泸州老窖,-59.0401115,22.16052129,食品饮料
2016-05-24,泸州老窖,-59.555264599999994,22.16052129,食品饮料
2016-05-25,泸州老窖,-57.5249528,22.09497147,食品饮料
2016-05-26,泸州老窖,-56.9794958,21.85618284,食品饮料
2016-05-27,泸州老窖,-56.5552544,21.53311587,食品饮料
2016-05-28,泸州老窖,-57.676469,21.79063302,食品饮料
2016-05-31,泸州老窖,-58.94920310000001,21.79063302,食品饮料
2016-06-01,泸州老窖,-61.191635600000005,22.68491985,食品饮料
2016-06-02,泸州老窖,-61.49466799999999,23.19058989,食品饮料
2016-06-03,泸州老窖,-62.040125,23.21868267,食品饮料
2016-06-04,泸州老窖,-64.3431653,23.832041699999998,食品饮料
2016-06-07,泸州老窖,-66.43408489999999,23.832041699999998,食品饮料
2016-06-08,泸州老窖,-68.58560899999999,24.91361373,食品饮料
2016-06-09,泸州老窖,-66.52499329999999,24.85742817,食品饮料
2016-06-14,泸州老窖,-63.43407140000001,24.85742817,食品饮料
2016-06-15,泸州老窖,-67.37348270000001,24.36112239,食品饮料
2016-06-16,泸州老窖,-69.5856113,25.143038100000002,食品饮料
2016-06-17,泸州老窖,-69.5856113,25.76107926,食品饮料
2016-06-18,泸州老窖,-73.97957120000001,26.734962300000003,食品饮料
2016-06-21,泸州老窖,-74.2522997,26.734962300000003,食品饮料
2016-06-22,泸州老窖,-72.70683709999999,26.8286049,食品饮料
2016-06-23,泸州老窖,-73.76744719999998,26.65536609,食品饮料
2016-06-24,泸州老窖,-73.64623490000001,27.13762548,食品饮料
2016-06-25,泸州老窖,-73.4038103,26.79582999,食品饮料
2016-06-28,泸州老窖,-78.3129233,26.79582999,食品饮料
2016-06-29,泸州老窖,-78.70686409999998,28.2800652,食品饮料
2016-06-30,泸州老窖,-77.43413000000001,28.20046899,食品饮料
2016-07-01,泸州老窖,-76.8280685,28.30347585,食品饮料
2016-07-02,泸州老窖,-77.2826138,27.89613054,食品饮料
2016-07-05,泸州老窖,-77.7068585,27.89613054,食品饮料
2016-07-06,泸州老窖,-78.525044,28.48139679,食品饮料
2016-07-07,泸州老窖,-86.8584152,29.68002207,食品饮料
2016-07-08,泸州老窖,-84.3432509,30.36829518,食品饮料
2016-07-09,泸州老窖,-86.22204649999998,30.18569211,食品饮料
2016-07-12,泸州老窖,-86.49477499999998,30.18569211,食品饮料
2016-07-13,泸州老窖,-87.4644767,31.14552876,食品饮料
2016-07-14,泸州老窖,-85.615985,30.64454085,食品饮料
2016-07-15,泸州老窖,-84.8887079,30.36361305,食品饮料
2016-07-16,泸州老窖,-85.31295259999997,30.12482442,食品饮料
2016-07-19,泸州老窖,-84.4038587,30.12482442,食品饮料
2016-07-20,泸州老窖,-80.88869209999999,29.41314066,食品饮料
2016-07-21,泸州老窖,-80.25232340000001,29.01515961,食品饮料
2016-07-22,泸州老窖,-81.07050890000001,29.23053759,食品饮料
2016-07-23,泸州老窖,-78.10079929999998,28.64995347,食品饮料
2016-07-26,泸州老窖,-78.97959259999998,28.64995347,食品饮料
2016-07-27,泸州老窖,-82.4644553,29.029206,食品饮料
2016-07-28,泸州老窖,-83.19173239999998,29.11348434,食品饮料
2016-07-29,泸州老窖,-83.79779389999999,30.31210962,食品饮料
2016-07-30,泸州老窖,-85.28264870000001,30.5743089,食品饮料
2016-08-02,泸州老窖,-82.5553637,30.5743089,食品饮料
2016-08-03,泸州老窖,-81.1008128,29.09007369,食品饮料
2016-08-04,泸州老窖,-81.7068776,29.26799463,食品饮料
2016-08-05,泸州老窖,-81.07050890000001,28.99643109,食品饮料
2016-08-06,泸州老窖,-81.07050890000001,29.11816647,食品饮料
2016-08-09,泸州老窖,-81.9796061,29.11816647,食品饮料
2016-08-10,泸州老窖,-84.3432509,29.75493615,食品饮料
2016-08-11,泸州老窖,-84.19173470000001,30.106095899999996,食品饮料
2016-08-12,泸州老窖,-84.4644632,30.5274876,食品饮料
2016-08-13,泸州老窖,-81.2220251,29.74913362,食品饮料
2016-08-16,泸州老窖,-84.13113019999999,29.74913362,食品饮料
2016-08-17,泸州老窖,-82.64627540000002,30.93986718,食品饮料
2016-08-18,泸州老窖,-82.22203069999998,30.5365542,食品饮料
2016-08-19,泸州老窖,-82.5856676,30.320493675,食品饮料
2016-08-20,泸州老窖,-81.6462698,30.2484735,食品饮料
2016-08-23,泸州老窖,-83.46446089999998,30.2484735,食品饮料
2016-08-24,泸州老窖,-83.58567319999999,30.71900531,食品饮料
2016-08-25,泸州老窖,-81.9189983,30.339699055,食品饮料
2016-08-26,泸州老窖,-80.67656809999998,29.792345725,食品饮料
2016-08-27,泸州老窖,-80.67656809999998,29.75873631,食品饮料
2016-08-30,泸州老窖,-80.52505190000001,29.75873631,食品饮料
2016-08-31,泸州老窖,-81.46445299999998,29.888372625,食品饮料
2016-09-01,泸州老窖,-81.0950873,30.474136715,食品饮料
2016-09-02,泸州老窖,-80.56299423333331,30.570163615,食品饮料
2016-09-03,泸州老窖,-79.88268273333333,30.224466775,食品饮料
2016-09-06,泸州老窖,-80.71088703333334,30.224466775,食品饮料
2016-09-07,泸州老窖,-82.30813983333334,30.579766305,食品饮料
2016-09-08,泸州老窖,-80.79962403333334,30.618177065,食品饮料
2016-09-09,泸州老窖,-80.68130913333331,30.416520575,食品饮料
2016-09-10,泸州老窖,-78.81784863333334,30.11403584,食品饮料
2016-09-13,泸州老窖,-75.38671653333333,30.11403584,食品饮料
2016-09-14,泸州老窖,-75.23882373333333,28.592009475,食品饮料
2016-09-15,泸州老窖,-74.35146033333334,28.380750295,食品饮料
2016-09-20,泸州老窖,-76.33323573333334,28.380750295,食品饮料
2016-09-21,泸州老窖,-75.83039823333334,28.9040969,食品饮料
2016-09-22,泸州老窖,-75.53460933333331,28.726447135,食品饮料
2016-09-23,泸州老窖,-77.36849193333333,29.11535608,食品饮料
2016-09-24,泸州老窖,-77.98964433333333,29.45145023,食品饮料
2016-09-27,泸州老窖,-75.94871313333331,29.45145023,食品饮料
2016-09-28,泸州老窖,-77.0431251333333,29.139362805,食品饮料
2016-09-29,泸州老窖,-76.59944343333333,29.120157425,食品饮料
2016-09-30,泸州老窖,-76.77691743333331,29.16336953,食品饮料
2016-10-01,泸州老窖,-79.02490053333331,29.65310672,食品饮料
2016-10-11,泸州老窖,-81.24330573333333,29.65310672,食品饮料
2016-10-12,泸州老窖,-81.09540963333333,30.45012999,食品饮料
2016-10-13,泸州老窖,-81.12499083333333,30.5365542,食品饮料
2016-10-14,泸州老窖,-79.82352693333334,30.426123265,食品饮料
2016-10-15,泸州老窖,-79.85310483333333,30.17165198,食品饮料
2016-10-18,泸州老窖,-79.37984523333333,30.17165198,食品饮料
2016-10-19,泸州老窖,-80.91793893333335,30.30608964,食品饮料
2016-10-20,泸州老窖,-80.91793893333335,30.51734882,食品饮料
2016-10-21,泸州老窖,-80.74046493333333,30.752614725,食品饮料
2016-10-22,泸州老窖,-80.79962403333334,30.33489771,食品饮料
2016-10-25,泸州老窖,-80.79962403333334,30.33489771,食品饮料
2016-10-26,泸州老窖,-80.79962403333334,31.165530395,食品饮料
2016-10-27,泸州老窖,-89.40703383333334,33.076465705000004,食品饮料
2016-10-28,泸州老窖,-84.57875103333333,33.16769126,食品饮料
2016-10-29,泸州老窖,-83.8796361333333,33.18689664,食品饮料
2016-11-01,泸州老窖,-83.29237803333334,33.18689664,食品饮料
2016-11-02,泸州老窖,-86.91554874444445,33.374149095,食品饮料
2016-11-03,泸州老窖,-84.67838304444443,33.56140155,食品饮料
2016-11-04,泸州老窖,-84.67838304444443,33.316532955,食品饮料
2016-11-05,泸州老窖,-83.36404584444443,32.994842840000004,食品饮料
2016-11-08,泸州老窖,-82.72086264444442,32.994842840000004,食品饮料
2016-11-09,泸州老窖,-84.31484184444443,33.076465705000004,食品饮料
2016-11-10,泸州老窖,-85.15378104444444,33.018849565,食品饮料
2016-11-11,泸州老窖,-85.79696424444444,33.58060693,食品饮料
2016-11-12,泸州老窖,-84.39873774444446,33.11967781,食品饮料
2016-11-15,泸州老窖,-82.21749714444445,33.11967781,食品饮料
2016-11-16,泸州老窖,-83.55979854444446,32.548317755,食品饮料
2016-11-17,泸州老窖,-82.16156874444442,32.56272179,食品饮料
2016-11-18,泸州老窖,-81.23873694444444,32.212223605000005,食品饮料
2016-11-19,泸州老窖,-81.01502004444444,32.08258729,食品饮料
2016-11-22,泸州老窖,-81.04298754444446,32.08258729,食品饮料
2016-11-23,泸州老窖,-81.32263284444444,32.08258729,食品饮料
2016-11-24,泸州老窖,-83.14032894444443,32.356263955,食品饮料
2016-11-25,泸州老窖,-82.24546464444444,32.442688165,食品饮料
2016-11-26,泸州老窖,-82.02174774444444,32.404277405,食品饮料
2016-11-29,泸州老窖,-82.38528564444445,32.404277405,食品饮料
2016-11-30,泸州老窖,-85.37749794444446,33.172492605,食品饮料
2016-12-01,泸州老窖,-85.37749794444446,33.23491009,食品饮料
2016-12-02,泸州老窖,-82.60900254444442,32.884411905,食品饮料
2016-12-03,泸州老窖,-81.88192344444445,32.413880095,食品饮料
2016-12-06,泸州老窖,-81.29466864444444,32.413880095,食品饮料
2016-12-07,泸州老窖,-81.29466864444444,32.298647815,食品饮料
2016-12-08,泸州老窖,-81.90988764444444,32.39947606,食品饮料
2016-12-09,泸州老窖,-83.39201004444446,32.831597110000004,食品饮料
2016-12-10,泸州老窖,-83.89537224444446,33.086068395,食品饮料
2016-12-13,泸州老窖,-80.20404834444443,33.086068395,食品饮料
2016-12-14,泸州老窖,-82.66493094444445,32.193018225,食品饮料
2016-12-15,泸州老窖,-81.77006664444444,32.37066799,食品饮料
2016-12-16,泸州老窖,-80.25997674444444,32.05377922,食品饮料
2016-12-17,泸州老窖,-80.14811994444443,31.73689045,食品饮料
2016-12-20,泸州老窖,-81.88192344444445,31.73689045,食品饮料
2016-12-21,泸州老窖,-81.29466864444444,32.14980612,食品饮料
2016-12-22,泸州老窖,-81.29466864444444,32.293846470000005,食品饮料
2016-12-23,泸州老窖,-81.01502004444444,32.135402085,食品饮料
2016-12-24,泸州老窖,-78.49820904444445,31.530432615,食品饮料
2016-12-27,泸州老窖,-78.41431644444444,31.530432615,食品饮料
2016-12-28,泸州老窖,-78.49820904444445,31.136722325,食品饮料
2016-12-29,泸州老窖,-78.19059954444444,31.0166887,食品饮料
2016-12-30,泸州老窖,-78.24652794444444,30.93986718,食品饮料
2016-12-31,泸州老窖,-80.20404834444443,31.463213785,食品饮料
2017-01-04,泸州老窖,-80.76333894444444,31.463213785,食品饮料
2017-01-05,泸州老窖,-83.97926814444443,32.46669489,食品饮料
2017-01-06,泸州老窖,-84.06316074444446,33.047657635,食品饮料
2017-01-07,泸州老窖,-84.20298504444443,33.158088570000004,食品饮料
2017-01-10,泸州老窖,-84.53855874444444,33.158088570000004,食品饮料
2017-01-11,泸州老窖,-84.00723234444446,33.162889914999994,食品饮料
2017-01-12,泸州老窖,-82.72086264444442,32.807590385,食品饮料
2017-01-13,泸州老窖,-80.42776524444443,32.25543571,食品饮料
2017-01-14,泸州老窖,-80.48369364444444,31.674472965,食品饮料
2017-01-17,泸州老窖,-79.50493344444446,31.674472965,食品饮料
2017-01-18,泸州老窖,-81.60227814444445,31.808910625000006,食品饮料
2017-01-19,泸州老窖,-83.69962284444443,32.60113255,食品饮料
2017-01-20,泸州老窖,-83.00050794444445,32.682755415,食品饮料
2017-01-21,泸州老窖,-83.22422484444445,32.538715065000005,食品饮料
2017-01-24,泸州老窖,-83.81147964444443,32.538715065000005,食品饮料
2017-01-25,泸州老窖,-83.83944384444446,32.807590385,食品饮料
2017-01-26,泸州老窖,-82.80475524444444,32.778782315,食品饮料
2017-01-27,泸州老窖,-82.13360454444444,32.346661265,食品饮料
2017-02-04,泸州老窖,-79.92440304444443,32.346661265,食品饮料
2017-02-07,泸州老窖,-81.04298754444446,31.93854694,食品饮料
2017-02-08,泸州老窖,-81.74210244444444,32.173812845,食品饮料
2017-02-09,泸州老窖,-82.30139304444444,32.289045125,食品饮料
2017-02-10,泸州老窖,-86.10457704444444,33.086068395,食品饮料
2017-02-11,泸州老窖,-84.98599254444444,33.56140155,食品饮料
2017-02-14,泸州老窖,-88.76121234444444,33.56140155,食品饮料
2017-02-15,泸州老窖,-89.99165364444444,34.78094318,食品饮料
2017-02-16,泸州老窖,-89.20864614444444,34.948990255,食品饮料
2017-02-17,泸州老窖,-89.57218404444444,34.632101485,食品饮料
2017-02-18,泸州老窖,-91.38988344444445,35.95247136000001,食品饮料
2017-02-21,泸州老窖,-96.03200334444445,35.95247136000001,食品饮料
2017-02-22,泸州老窖,-95.58456954444445,36.99916457,食品饮料
2017-02-23,泸州老窖,-96.45147294444445,37.2584372,食品饮料
2017-02-24,泸州老窖,-94.41005664444445,37.176814335,食品饮料
2017-02-25,泸州老窖,-95.19306414444445,36.581447555,食品饮料
2017-02-28,泸州老窖,-91.52970444444445,36.581447555,食品饮料
2017-03-01,泸州老窖,-92.48050044444444,35.85644446,食品饮料
2017-03-02,泸州老窖,-93.93465864444444,36.331777615,食品饮料
2017-03-03,泸州老窖,-94.04651874444444,36.706282525,食品饮料
2017-03-04,泸州老窖,-95.58456954444445,36.648666385,食品饮料
2017-03-07,泸州老窖,-95.58456954444445,36.648666385,食品饮料
2017-03-08,泸州老窖,-99.55553874444445,37.58492866,食品饮料
2017-03-09,泸州老窖,-99.55553874444445,38.25711696,食品饮料
2017-03-10,泸州老窖,-98.57677854444445,37.829797255,食品饮料
2017-03-11,泸州老窖,-98.38102914444444,38.194699475,食品饮料
2017-03-14,泸州老窖,-101.54102664444444,38.194699475,食品饮料
2017-03-15,泸州老窖,-99.69536304444445,38.71804607999999,食品饮料
2017-03-16,泸州老窖,-99.69536304444445,38.45877345,食品饮料
2017-03-17,泸州老窖,-99.63943464444445,38.76605953,食品饮料
2017-03-18,泸州老窖,-99.13607244444445,38.5067869,食品饮料
2017-03-21,泸州老窖,-98.66067444444442,38.5067869,食品饮料
2017-03-22,泸州老窖,-104.25359034444445,39.01092812500001,食品饮料
2017-03-23,泸州老窖,-108.14066694444445,40.268880515,食品饮料
2017-03-24,泸州老窖,-105.87553704444444,40.31209262,食品饮料
2017-03-25,泸州老窖,-105.53996004444444,40.633782735,食品饮料
2017-03-28,泸州老窖,-102.26810574444444,40.633782735,食品饮料
2017-03-29,泸州老窖,-102.57571524444445,39.058941575,食品饮料
2017-03-30,泸州老窖,-104.02987344444445,39.740732565,食品饮料
2017-03-31,泸州老窖,-104.75695254444445,39.95679309000001,食品饮料
2017-04-01,泸州老窖,-105.90350124444444,40.518550455,食品饮料
2017-04-06,泸州老窖,-105.81960534444444,40.518550455,食品饮料
2017-04-07,泸州老窖,-104.81288094444444,40.000005195,食品饮料
2017-04-08,泸州老窖,-104.11376604444445,39.98560116,食品饮料
2017-04-11,泸州老窖,-100.89784014444444,39.98560116,食品饮料
2017-04-12,泸州老窖,-99.63943464444445,38.261918305,食品饮料
2017-04-13,泸州老窖,-101.06562864444444,38.72764877,食品饮料
2017-04-14,泸州老窖,-103.33075854444442,39.30381017,食品饮料
2017-04-15,泸州老窖,-103.02314904444445,39.414241105,食品饮料
2017-04-18,泸州老窖,-105.23235054444444,39.414241105,食品饮料
2017-04-19,泸州老窖,-108.30845544444445,40.883452675,食品饮料
2017-04-20,泸州老窖,-92.36407974444445,42.20382255,食品饮料
2017-04-21,泸州老窖,-108.30845544444445,43.428165525,食品饮料
2017-04-22,泸州老窖,-97.57303734444444,44.25879821,食品饮料
2017-04-25,泸州老窖,-95.46064794444445,44.25879821,食品饮料
2017-04-26,泸州老窖,-101.96584224444445,44.33561973000001,食品饮料
2017-04-27,泸州老窖,-98.48520354444445,45.502346565,食品饮料
2017-04-28,泸州老窖,-100.14150654444445,44.177175345,食品饮料
2017-04-29,泸州老窖,-99.54139824444442,43.87469061,食品饮料
2017-05-03,泸州老窖,-81.196789,43.87469061,食品饮料
2017-05-04,泸州老窖,-82.58558409999998,44.292407625,食品饮料
2017-05-05,泸州老窖,-81.9345865,43.812273125,食品饮料
2017-05-06,泸州老窖,-81.45718869999997,43.773862365,食品饮料
2017-05-09,泸州老窖,-77.74649709999998,43.773862365,食品饮料
2017-05-10,泸州老窖,-79.65609159999998,41.70448267,食品饮料
2017-05-11,泸州老窖,-79.89479049999998,43.32733728,食品饮料
2017-05-12,泸州老窖,-79.89479049999998,43.45217225,食品饮料
2017-05-13,泸州老窖,-83.45358309999997,44.25399686500001,食品饮料
2017-05-16,泸州老窖,-84.88577979999998,44.25399686500001,食品饮料
2017-05-17,泸州老窖,-88.70496879999997,45.896056855,食品饮料
2017-05-18,泸州老窖,-85.23297939999998,46.02569317,食品饮料
2017-05-19,泸州老窖,-84.51687939999998,45.281484695,食品饮料
2017-05-20,泸州老窖,-85.38487839999998,45.17105376000001,食品饮料
2017-05-23,泸州老窖,-85.73207799999999,45.17105376000001,食品饮料
2017-05-24,泸州老窖,-88.59646809999998,46.174534865,食品饮料
2017-05-25,泸州老窖,-87.46807270000001,46.03529586,食品饮料
2017-05-26,泸州老窖,-87.83696979999998,46.260959075,食品饮料
2017-05-27,泸州老窖,-88.22757099999998,46.20814428,食品饮料
2017-06-01,泸州老窖,-87.55487259999998,46.20814428,食品饮料
2017-06-02,泸州老窖,-87.09917229999998,46.06410393,食品饮料
2017-06-03,泸州老窖,-85.90567449999998,45.77602323,食品饮料
2017-06-06,泸州老窖,-84.23477890000001,45.77602323,食品饮料
2017-06-07,泸州老窖,-86.6651728,45.310292765,食品饮料
2017-06-08,泸州老窖,-90.4626643,46.69788147,食品饮料
2017-06-09,泸州老窖,-91.4174632,48.008648655,食品饮料
2017-06-10,泸州老窖,-91.09196440000001,48.296729355,食品饮料
2017-06-13,泸州老窖,-93.6308557,48.296729355,食品饮料
2017-06-14,泸州老窖,-93.32705769999998,48.517591225,食品饮料
2017-06-15,泸州老窖,-91.9165618,48.44557105,食品饮料
2017-06-16,泸州老窖,-89.4644671,47.42768591,食品饮料
2017-06-17,泸州老窖,-89.92016740000001,47.18761866,食品饮料
2017-06-20,泸州老窖,-89.247469,47.18761866,食品饮料
2017-06-21,泸州老窖,-89.89846659999998,48.109831875,食品饮料
2017-06-22,泸州老窖,-91.74296199999998,48.305698875,食品饮料
2017-06-23,泸州老窖,-91.2872617,49.2605505,食品饮料
2017-06-24,泸州老窖,-91.50426309999996,48.530945925,食品饮料
2017-06-27,泸州老窖,-96.1914511,48.530945925,食品饮料
2017-06-28,泸州老窖,-95.32345209999998,50.533685999999996,食品饮料
2017-06-29,泸州老窖,-92.71945840000001,50.088088575,食品饮料
2017-06-30,泸州老窖,-92.65435929999998,49.34869065,食品饮料
2017-07-01,泸州老窖,-92.67606009999999,49.431934125,食品饮料
2017-07-04,泸州老窖,-89.07386919999998,49.431934125,食品饮料
2017-07-05,泸州老窖,-89.07386919999998,46.728969525,食品饮料
2017-07-06,泸州老窖,-88.8134695,47.35084725,食品饮料
2017-07-07,泸州老窖,-88.85686779999999,47.5369209,食品饮料
2017-07-08,泸州老窖,-87.61997169999998,47.150083575,食品饮料
2017-07-11,泸州老窖,-87.77187070000001,47.150083575,食品饮料
2017-07-12,泸州老窖,-90.50606589999998,47.982518325,食品饮料
2017-07-13,泸州老窖,-88.46626989999999,48.026588399999994,食品饮料
2017-07-14,泸州老窖,-88.85686779999999,47.962931625,食品饮料
2017-07-15,泸州老窖,-89.59466529999997,47.6936145,食品饮料
2017-07-18,泸州老窖,-87.01237239999998,47.6936145,食品饮料
2017-07-19,泸州老窖,-88.18416939999999,47.09622014999999,食品饮料
2017-07-20,泸州老窖,-91.24386340000001,48.36935565,食品饮料
2017-07-21,泸州老窖,-94.34695570000001,49.755114675,食品饮料
2017-07-22,泸州老窖,-94.41205479999998,50.38678575,食品饮料
2017-07-25,泸州老窖,-97.03774599999998,50.38678575,食品饮料
2017-07-26,泸州老窖,-98.2529446,52.03206855000001,食品饮料
2017-07-27,泸州老窖,-95.75745159999998,51.46405425,食品饮料
2017-07-28,泸州老窖,-97.4934463,51.36612075,食品饮料
2017-07-29,泸州老窖,-102.54953470000001,52.585392825,食品饮料
2017-08-01,泸州老窖,-103.07033079999998,52.585392825,食品饮料
2017-08-02,泸州老窖,-105.652627,54.504889425,食品饮料
2017-08-03,泸州老窖,-103.3524313,54.475509375,食品饮料
2017-08-04,泸州老窖,-99.88044190000001,53.471691,食品饮料
2017-08-05,泸州老窖,-98.6869441,52.389525825,食品饮料
2017-08-08,泸州老窖,-104.41572759999998,52.389525825,食品饮料
2017-08-09,泸州老窖,-104.8714279,55.19042392500001,食品饮料
2017-08-10,泸州老窖,-104.8714279,56.08651545,食品饮料
2017-08-11,泸州老窖,-95.75745159999998,57.83462842500001,食品饮料
2017-08-12,泸州老窖,-105.71772609999998,56.022858675,食品饮料
2017-08-15,泸州老窖,-106.60742259999998,56.022858675,食品饮料
2017-08-16,泸州老窖,-107.12822199999998,55.60664129999999,食品饮料
2017-08-17,泸州老窖,-106.3036246,55.797611625,食品饮料
2017-08-18,泸州老窖,-104.2421278,54.906416775,食品饮料
2017-08-19,泸州老窖,-104.6544265,54.8035866,食品饮料
2017-08-22,泸州老窖,-104.2421278,54.8035866,食品饮料
2017-08-23,泸州老窖,-102.07213359999996,52.830226575,食品饮料
2017-08-24,泸州老窖,-102.78823359999998,53.535347775,食品饮料
2017-08-25,泸州老窖,-102.78823359999998,53.496174375,食品饮料
2017-08-26,泸州老窖,-99.98893929999998,52.49235600000001,食品饮料
2017-08-29,泸州老窖,-101.70323649999996,52.49235600000001,食品饮料
2017-08-30,泸州老窖,-91.57318359999998,52.977126825,食品饮料
2017-08-31,泸州老窖,-94.0793719,53.182787175,食品饮料
2017-09-01,泸州老窖,-94.64528559999998,53.93197845,食品饮料
2017-09-02,泸州老窖,-95.07278473333334,53.65776465,食品饮料
2017-09-05,泸州老窖,-92.70807403333332,53.65776465,食品饮料
2017-09-06,泸州老窖,-92.00068273333332,52.7861565,食品饮料
2017-09-07,泸州老窖,-91.01033293333332,52.5315294,食品饮料
2017-09-08,泸州老窖,-91.33371313333332,52.03206855000001,食品饮料
2017-09-09,泸州老窖,-87.57442903333332,51.238807200000004,食品饮料
2017-09-12,泸州老窖,-88.50414463333333,51.238807200000004,食品饮料
2017-09-13,泸州老窖,-89.31259183333331,50.949903375,食品饮料
2017-09-14,泸州老窖,-98.82540943333332,52.957540125,食品饮料
2017-09-15,泸州老窖,-98.67762553333333,53.398240875,食品饮料
2017-09-16,泸州老窖,-99.50099533333334,53.55983115,食品饮料
2017-09-19,泸州老窖,-102.22444903333331,53.55983115,食品饮料
2017-09-20,泸州老窖,-99.94434703333332,55.0582137,食品饮料
2017-09-21,泸州老窖,-100.83105373333332,54.896623425,食品饮料
2017-09-22,泸州老窖,-99.79656313333332,54.255159,食品饮料
2017-09-23,泸州老窖,-100.87327723333334,54.309022425,食品饮料
2017-09-26,泸州老窖,-104.69455843333334,54.309022425,食品饮料
2017-09-27,泸州老窖,-104.69455843333334,55.66540139999999,食品饮料
2017-09-28,泸州老窖,-102.05555173333332,55.0582137,食品饮料
2017-09-29,泸州老窖,-103.32227323333332,55.66540139999999,食品饮料
2017-09-30,泸州老窖,-101.84443093333331,55.680091425,食品饮料
2017-10-10,泸州老窖,-102.43556983333332,55.680091425,食品饮料
2017-10-11,泸州老窖,-105.22235713333332,55.75354155,食品饮料
2017-10-12,泸州老窖,-105.22235713333332,57.38413432500001,食品饮料
2017-10-13,泸州老窖,-109.02252493333332,57.893388525000006,食品饮料
2017-10-14,泸州老窖,-107.96692423333332,58.25574247500001,食品饮料
2017-10-17,泸州老窖,-105.09568663333332,58.25574247500001,食品饮料
2017-10-18,泸州老窖,-103.85007523333331,56.08651545,食品饮料
2017-10-19,泸州老窖,-106.82687323333332,56.483146125,食品饮料
2017-10-20,泸州老窖,-108.85363093333332,57.780765,食品饮料
2017-10-21,泸州老窖,-105.87683293333332,56.923846875,食品饮料
2017-10-24,泸州老窖,-105.60237523333332,56.923846875,食品饮料
2017-10-25,泸州老窖,-107.56579603333331,56.904260175,食品饮料
2017-10-26,泸州老窖,-105.39125443333332,56.94833025,食品饮料
2017-10-27,泸州老窖,-107.65024303333333,58.353675975,食品饮料
2017-10-28,泸州老窖,-107.65024303333333,57.609381375,食品饮料
2017-10-31,泸州老窖,-102.72545173333332,57.609381375,食品饮料
2017-11-01,泸州老窖,-104.77890313333332,59.1322473,食品饮料
2017-11-02,泸州老窖,-109.43591071111109,60.684493275,食品饮料
2017-11-03,泸州老窖,-115.49658511111107,63.069174,食品饮料
2017-11-04,泸州老窖,-114.71906551111113,64.131752475,食品饮料
2017-11-07,泸州老窖,-117.76934131111112,64.131752475,食品饮料
2017-11-08,泸州老窖,-118.08832261111112,66.04635239999999,食品饮料
2017-11-09,泸州老窖,-114.9184284111111,65.257987725,食品饮料
2017-11-10,泸州老窖,-119.10508231111109,63.99954225,食品饮料
2017-11-11,泸州老窖,-121.85630881111109,66.39891300000001,食品饮料
2017-11-14,泸州老窖,-120.04209421111112,66.39891300000001,食品饮料
2017-11-15,泸州老窖,-116.05480651111108,64.807493625,食品饮料
2017-11-16,泸州老窖,-119.50381141111109,64.885840425,食品饮料
2017-11-17,泸州老窖,-119.50381141111109,67.36845464999999,食品饮料
2017-11-18,泸州老窖,-122.89300381111113,67.197071025,食品饮料
2017-11-21,泸州老窖,-121.85630881111109,67.197071025,食品饮料
2017-11-22,泸州老窖,-125.20563061111108,66.81023370000001,食品饮料
2017-11-23,泸州老窖,-120.22152181111113,67.157897625,食品饮料
2017-11-24,泸州老窖,-111.92796511111112,63.681258375,食品饮料
2017-11-25,泸州老窖,-113.22383221111109,61.2867843,食品饮料
2017-11-28,泸州老窖,-110.75171311111113,61.2867843,食品饮料
2017-11-29,泸州老窖,-110.89127011111113,61.761761775,食品饮料
2017-11-30,泸州老窖,-106.64480701111113,60.400486125,食品饮料
2017-12-01,泸州老窖,-103.49485141111113,58.84824015,食品饮料
2017-12-02,泸州老窖,-104.95021081111109,58.471196175,食品饮料
2017-12-05,泸州老窖,-109.61533831111109,58.471196175,食品饮料
2017-12-06,泸州老窖,-110.13368581111106,61.82541855,食品饮料
2017-12-07,泸州老窖,-107.02360081111112,60.57186975000001,食品饮料
2017-12-08,泸州老窖,-103.37523301111109,58.696443225,食品饮料
2017-12-09,泸州老窖,-106.32582571111112,58.657269825,食品饮料
2017-12-12,泸州老窖,-112.14726661111109,58.657269825,食品饮料
2017-12-13,泸州老窖,-110.73177781111109,62.310189375,食品饮料
2017-12-14,泸州老窖,-116.37379111111113,62.878203675,食品饮料
2017-12-15,泸州老窖,-116.43360031111109,64.268859375,食品饮料
2017-12-16,泸州老窖,-114.89849311111112,64.503899775,食品饮料
2017-12-19,泸州老窖,-118.40730721111109,64.503899775,食品饮料
2017-12-20,泸州老窖,-118.86584551111113,65.8308987,食品饮料
2017-12-21,泸州老窖,-121.27815211111113,66.0267657,食品饮料
2017-12-22,泸州老窖,-121.39777381111112,66.795543675,食品饮料
2017-12-23,泸州老窖,-117.13137541111112,65.82110535000001,食品饮料
2017-12-26,泸州老窖,-117.64972291111113,65.82110535000001,食品饮料
2017-12-27,泸州老窖,-115.5763329111111,64.41575962499999,食品饮料
2017-12-28,泸州老窖,-112.30675561111113,63.387457875,食品饮料
2017-12-29,泸州老窖,-117.58991371111112,64.48920975,食品饮料
2017-12-30,泸州老窖,-116.89213861111112,65.365714575,食品饮料
2018-01-03,泸州老窖,-116.45353561111106,65.365714575,食品饮料
2018-01-04,泸州老窖,-117.68959351111113,64.70466345,食品饮料
2018-01-05,泸州老窖,-122.37465631111112,66.0267657,食品饮料
2018-01-06,泸州老窖,-120.97910611111112,66.8298204,食品饮料
2018-01-09,泸州老窖,-121.77656431111109,66.8298204,食品饮料
2018-01-10,泸州老窖,-125.4648060111111,68.19109605,食品饮料
2018-01-11,泸州老窖,-126.72080251111109,68.56324335,食品饮料
2018-01-12,泸州老窖,-125.14582141111109,68.999047425,食品饮料
2018-01-13,泸州老窖,-126.90023011111113,69.28795124999999,食品饮料
2018-01-16,泸州老窖,-130.40904091111108,69.28795124999999,食品饮料
2018-01-17,泸州老窖,-131.58529291111108,71.966432475,食品饮料
2018-01-18,泸州老窖,-125.00626771111112,70.379909775,食品饮料
2018-01-19,泸州老窖,-125.16576001111108,68.40654975,食品饮料
2018-01-20,泸州老窖,-120.66012481111107,67.50556155000001,食品饮料
2018-01-23,泸州老窖,-126.66099001111112,67.50556155000001,食品饮料
2018-01-24,泸州老窖,-125.90340571111106,68.9255973,食品饮料
2018-01-25,泸州老窖,-122.37465631111112,68.09316255,食品饮料
2018-01-26,泸州老窖,-122.09554891111112,66.53112322499999,食品饮料
2018-01-27,泸州老窖,-122.85313321111113,67.03058407500001,食品饮料
2018-01-30,泸州老窖,-116.49340951111112,67.03058407500001,食品饮料
2018-01-31,泸州老窖,-115.07792071111109,63.632291625,食品饮料
2018-02-01,泸州老窖,-115.51652371111109,64.072992375,食品饮料
2018-02-02,泸州老窖,-110.93114401111113,61.8352119,食品饮料
2018-02-03,泸州老窖,-111.70866361111109,61.2671976,食品饮料
2018-02-06,泸州老窖,-103.89358051111113,61.2671976,食品饮料
2018-02-07,泸州老窖,-103.41510691111108,57.54572460000001,食品饮料
2018-02-08,泸州老窖,-96.31773421111113,57.217647375,食品饮料
2018-02-09,泸州老窖,-97.85283811111108,55.151250525,食品饮料
2018-02-10,泸州老窖,-95.85919591111113,53.138717099999994,食品饮料
2018-02-13,泸州老窖,-102.11923651111108,53.138717099999994,食品饮料
2018-02-14,泸州老窖,-101.30184301111109,57.8786985,食品饮料
2018-02-15,泸州老窖,-103.53472531111109,57.609381375,食品饮料
2018-02-23,泸州老窖,-109.71502141111112,57.609381375,食品饮料
2018-02-24,泸州老窖,-108.63845251111113,60.8558769,食品饮料
2018-02-27,泸州老窖,-108.02042191111109,60.8558769,食品饮料
2018-02-28,泸州老窖,-105.10970311111109,59.91081862500001,食品饮料
2018-03-01,泸州老窖,-101.76038131111113,57.9178719,食品饮料
2018-03-02,泸州老窖,-103.85370661111112,57.79055835,食品饮料
2018-03-03,泸州老窖,-104.31224491111112,58.16270565000001,食品饮料
2018-03-06,泸州老窖,-100.34489581111113,58.16270565000001,食品饮料
2018-03-07,泸州老窖,-100.70375101111112,56.14527555,食品饮料
2018-03-08,泸州老窖,-100.94298781111112,56.860190100000004,食品饮料
2018-03-09,泸州老窖,-103.61446981111109,57.30089085,食品饮料
2018-03-10,泸州老窖,-104.57142031111113,58.84824015,食品饮料
2018-03-13,泸州老窖,-103.05624841111108,58.84824015,食品饮料
2018-03-14,泸州老窖,-101.02273231111113,57.29109750000001,食品饮料
2018-03-15,泸州老窖,-105.42868441111112,57.90807855,食品饮料
2018-03-16,泸州老窖,-108.51883411111109,60.126272325,食品饮料
2018-03-17,泸州老窖,-106.48531801111113,60.341726025,食品饮料
2018-03-20,泸州老窖,-106.84417321111113,60.341726025,食品饮料
2018-03-21,泸州老窖,-104.77078321111112,58.833550125,食品饮料
2018-03-22,泸州老窖,-104.33218021111112,58.794376725,食品饮料
2018-03-23,泸州老窖,-99.46768981111113,57.32047755000001,食品饮料
2018-03-24,泸州老窖,-98.84966251111112,54.573442875,食品饮料
2018-03-27,泸州老窖,-98.21169661111112,54.573442875,食品饮料
2018-03-28,泸州老窖,-96.45728791111112,55.2932541,食品饮料
2018-03-29,泸州老窖,-90.59597641111112,52.840019925,食品饮料
2018-03-30,泸州老窖,-92.43731041111113,54.10336207500001,食品饮料
2018-03-31,泸州老窖,-92.55068851111113,55.729058175,食品饮料
2018-04-03,泸州老窖,-94.85609161111113,55.729058175,食品饮料
2018-04-04,泸州老窖,-97.99295281111112,57.5261379,食品饮料
2018-04-05,泸州老窖,-100.03380151111112,60.057718875000006,食品饮料
2018-04-10,泸州老窖,-101.22429631111113,60.057718875000006,食品饮料
2018-04-11,泸州老窖,-101.64002371111113,59.70026160000001,食品饮料
2018-04-12,泸州老窖,-100.88415541111112,60.596353125,食品饮料
2018-04-13,泸州老窖,-102.26361811111113,60.351519375,食品饮料
2018-04-14,泸州老窖,-99.46689781111108,59.76881505,食品饮料
2018-04-17,泸州老窖,-101.28098701111112,59.76881505,食品饮料
2018-04-18,泸州老窖,-98.25750721111109,59.308527600000005,食品饮料
2018-04-19,泸州老窖,-95.74424041111112,57.638761425,食品饮料
2018-04-20,泸州老窖,-99.97711081111113,57.94725195,食品饮料
2018-04-21,泸州老窖,-99.61807411111108,59.617018125,食品饮料
2018-04-24,泸州老窖,-97.46384401111109,59.617018125,食品饮料
2018-04-25,泸州老窖,-103.73756311111113,60.04302885,食品饮料
2018-04-26,泸州老窖,-103.96432591111113,61.213334175,食品饮料
2018-04-27,泸州老窖,-83.12274361111109,59.636604825,食品饮料
2018-04-28,泸州老窖,-83.28541051111111,57.98642535000001,食品饮料
2018-05-03,泸州老窖,-77.73864300000001,57.98642535000001,食品饮料
2018-05-04,泸州老窖,-79.2677046,58.549542975,食品饮料
2018-05-05,泸州老窖,-79.544238,59.597431425,食品饮料
2018-05-08,泸州老窖,-85.5303489,59.597431425,食品饮料
2018-05-09,泸州老窖,-85.87194840000001,63.201384225,食品饮料
2018-05-10,泸州老窖,-87.40100670000001,63.338491125,食品饮料
2018-05-11,泸州老窖,-88.3770048,64.29334275,食品饮料
2018-05-12,泸州老窖,-86.5063437,64.474519725,食品饮料
2018-05-15,泸州老窖,-89.88979739999998,64.474519725,食品饮料
2018-05-16,泸州老窖,-89.10900090000001,64.709560125,食品饮料
2018-05-17,泸州老窖,-89.7596652,65.35102455,食品饮料
2018-05-18,泸州老窖,-86.5714098,64.317826125,食品饮料
2018-05-19,泸州老窖,-88.2143379,63.84774532500001,食品饮料
2018-05-22,泸州老窖,-88.08420570000001,63.84774532500001,食品饮料
2018-05-23,泸州老窖,-89.69459909999998,64.95929055,食品饮料
2018-05-24,泸州老窖,-86.55514409999999,64.56265987500001,食品饮料
2018-05-25,泸州老窖,-86.09967809999999,63.730225125,食品饮料
2018-05-26,泸州老窖,-88.3770048,63.99954225000001,食品饮料
2018-05-29,泸州老窖,-92.2809906,63.99954225000001,食品饮料
2018-05-30,泸州老窖,-90.6705939,66.8689938,食品饮料
2018-05-31,泸州老窖,-90.28019729999998,65.76234525000001,食品饮料
2018-06-01,泸州老窖,-93.3383172,66.82492372499999,食品饮料
2018-06-02,泸州老窖,-91.02845909999999,67.059964125,食品饮料
2018-06-05,泸州老窖,-94.0540476,67.059964125,食品饮料
2018-06-06,泸州老窖,-94.4932479,67.78467202499999,食品饮料
2018-06-07,泸州老窖,-93.63111629999999,68.303719575,食品饮料
2018-06-08,泸州老窖,-91.7116581,67.40762805,食品饮料
2018-06-09,泸州老窖,-92.0207229,66.7710603,食品饮料
2018-06-12,泸州老窖,-91.7441928,66.7710603,食品饮料
2018-06-13,泸州老窖,-94.8023127,67.6720485,食品饮料
2018-06-14,泸州老窖,-94.2329802,68.4359298,食品饮料
2018-06-15,泸州老窖,-90.2313969,66.73188689999999,食品饮料
2018-06-16,泸州老窖,-90.296463,65.708481825,食品饮料
2018-06-20,泸州老窖,-87.1407423,65.708481825,食品饮料
2018-06-21,泸州老窖,-89.8735317,65.07681074999999,食品饮料
2018-06-22,泸州老窖,-87.66127439999998,65.419578,食品饮料
2018-06-23,泸州老窖,-88.3770048,63.896712075,食品饮料
2018-06-26,泸州老窖,-89.10900090000001,63.896712075,食品饮料
2018-06-27,泸州老窖,-86.16474749999998,64.4010696,食品饮料
2018-06-28,泸州老窖,-82.84635990000001,61.68831165,食品饮料
2018-06-29,泸州老窖,-77.3645121,58.94617365000001,食品饮料
2018-06-30,泸州老窖,-77.3645121,59.10286725,食品饮料
2018-07-03,泸州老窖,-77.9013099,59.10286725,食品饮料
2018-07-04,泸州老窖,-74.42025869999998,56.34114255,食品饮料
2018-07-05,泸州老窖,-71.65493459999999,55.523397825,食品饮料
2018-07-06,泸州老窖,-70.6626708,54.4706127,食品饮料
2018-07-07,泸州老窖,-70.9554699,54.08867205,食品饮料
2018-07-10,泸州老窖,-75.5263857,54.08867205,食品饮料
2018-07-11,泸州老窖,-76.63251600000001,57.39882435,食品饮料
2018-07-12,泸州老窖,-74.33892359999999,56.65452975,食品饮料
2018-07-13,泸州老窖,-77.65731120000001,57.100127175,食品饮料
2018-07-14,泸州老窖,-79.33277070000001,58.363469325,食品饮料
2018-07-17,泸州老窖,-76.4535834,58.363469325,食品饮料
2018-07-18,泸州老窖,-74.42025869999998,57.655,食品饮料
2018-07-19,泸州老窖,-72.3218646,56.99,食品饮料
2018-07-20,泸州老窖,-72.33813029999999,56.42,食品饮料
2018-07-21,泸州老窖,-72.63092940000001,55.6,食品饮料
2018-07-24,泸州老窖,-70.7765373,55.6,食品饮料
2018-07-25,泸州老窖,-74.4039897,56.3,食品饮料
2018-07-26,泸州老窖,-73.70452829999998,57.15000000000001,食品饮料
2018-07-27,泸州老窖,-72.2893332,56.61,食品饮料
2018-07-28,泸州老窖,-72.3543993,56.08,食品饮料
2018-07-31,泸州老窖,-70.64640510000002,56.08,食品饮料
2018-08-01,泸州老窖,-70.28853989999999,55.24,食品饮料
2018-08-02,泸州老窖,-67.81601490000001,54.175,食品饮料
2018-08-03,泸州老窖,-63.733096499999995,51.41,食品饮料
2018-08-04,泸州老窖,-60.12191310000001,49.79,食品饮料
2018-08-07,泸州老窖,-59.5688463,49.79,食品饮料
2018-08-08,泸州老窖,-61.03284179999999,48.75,食品饮料
2018-08-09,泸州老窖,-57.30778860000001,47.975,食品饮料
2018-08-10,泸州老窖,-60.3008457,47.97,食品饮料
2018-08-11,泸州老窖,-60.7563084,49.18,食品饮料
2018-08-14,泸州老窖,-58.85311589999999,49.18,食品饮料
2018-08-15,泸州老窖,-60.02431230000001,48.455,食品饮料
2018-08-16,泸州老窖,-56.77099079999999,47.435,食品饮料
2018-08-17,泸州老窖,-53.24113919999999,45.540000000000006,食品饮料
2018-08-18,泸州老窖,-52.6880724,44.645,食品饮料
2018-08-21,泸州老窖,-54.298465799999995,44.645,食品饮料
2018-08-22,泸州老窖,-57.1939221,46.035,食品饮料
2018-08-23,泸州老窖,-57.1939221,46.18,食品饮料
2018-08-24,泸州老窖,-55.53472830000001,46.005,食品饮料
2018-08-25,泸州老窖,-54.5424678,45.415,食品饮料
2018-08-28,泸州老窖,-57.665653799999994,45.415,食品饮料
2018-08-29,泸州老窖,-57.665653799999994,46.195,食品饮料
2018-08-30,泸州老窖,-52.7961507,45.22,食品饮料
2018-08-31,泸州老窖,-51.5157573,45.13,食品饮料
2018-09-01,泸州老窖,-49.04981580000001,43.655,食品饮料
2018-09-04,泸州老窖,-50.79438743333334,43.655,食品饮料
2018-09-05,泸州老窖,-51.04730273333333,42.98,食品饮料
2018-09-06,泸州老窖,-49.11880913333333,42.65,食品饮料
2018-09-07,泸州老窖,-47.09547353333332,41.185,食品饮料
2018-09-08,泸州老窖,-47.50646543333333,41.07,食品饮料
2018-09-11,泸州老窖,-47.61711443333333,41.07,食品饮料
2018-09-12,泸州老窖,-47.28516083333334,41.26000000000001,食品饮料
2018-09-13,泸州老窖,-47.14289453333332,40.675,食品饮料
2018-09-14,泸州老窖,-46.32091403333333,40.595,食品饮料
2018-09-15,泸州老窖,-48.01229933333333,40.6,食品饮料
2018-09-18,泸州老窖,-46.510601333333334,40.6,食品饮料
2018-09-19,泸州老窖,-49.64045333333334,41.345,食品饮料
2018-09-20,泸州老窖,-52.70707073333333,43.895,食品饮料
2018-09-21,泸州老窖,-53.51324423333333,44.78,食品饮料
2018-09-22,泸州老窖,-57.38603843333334,46.21,食品饮料
2018-09-26,泸州老窖,-55.58400413333332,46.21,食品饮料
2018-09-27,泸州老窖,-56.94343253333332,47.13500000000001,食品饮料
2018-09-28,泸州老窖,-57.781220033333334,47.03,食品饮料
2018-09-29,泸州老窖,-57.702185033333336,47.57,食品饮料
2018-10-09,泸州老窖,-52.95998933333334,47.57,食品饮料
2018-10-10,泸州老窖,-52.95998933333334,44.895,食品饮料
2018-10-11,泸州老窖,-48.51813323333333,43.295,食品饮料
2018-10-12,泸州老窖,-47.38000613333334,41.075,食品饮料
2018-10-13,泸州老窖,-51.60056093333333,42.465,食品饮料
2018-10-16,泸州老窖,-49.07138813333333,42.465,食品饮料
2018-10-17,泸州老窖,-49.45076273333334,42.455,食品饮料
2018-10-18,泸州老窖,-48.96073583333333,41.975,食品饮料
2018-10-19,泸州老窖,-48.13875533333332,41.04,食品饮料
2018-10-20,泸州老窖,-50.96826773333333,41.925,食品饮料
2018-10-23,泸州老窖,-55.72627043333333,41.925,食品饮料
2018-10-24,泸州老窖,-49.94078963333333,44.07,食品饮料
2018-10-25,泸州老窖,-47.33258513333333,41.075,食品饮料
2018-10-26,泸州老窖,-44.96148563333333,39.23,食品饮料
2018-10-27,泸州老窖,-43.23848633333333,38.77,食品饮料
2018-10-30,泸州老窖,-34.56438023333333,38.77,食品饮料
2018-10-31,泸州老窖,-36.09698933333333,36.425,食品饮料
2018-11-01,泸州老窖,-38.15506403333333,37.455,食品饮料
2018-11-02,泸州老窖,-39.25447262222223,38.985,食品饮料
2018-11-03,泸州老窖,-43.22465972222222,40.03,食品饮料
2018-11-06,泸州老窖,-41.16658502222222,40.03,食品饮料
2018-11-07,泸州老窖,-40.08645872222222,38.76000000000001,食品饮料
2018-11-08,泸州老窖,-40.188633322222216,39.18,食品饮料
2018-11-09,泸州老窖,-40.392982522222226,39.27500000000001,食品饮料
2018-11-10,泸州老窖,-40.26161612222222,38.81,食品饮料
2018-11-13,泸州老窖,-39.984287422222216,38.81,食品饮料
2018-11-14,泸州老窖,-42.56782772222222,39.54,食品饮料
2018-11-15,泸州老窖,-41.692050622222226,39.955,食品饮料
2018-11-16,泸州老窖,-42.34888262222222,40.315,食品饮料
2018-11-17,泸州老窖,-42.188324422222216,40.43000000000001,食品饮料
2018-11-20,泸州老窖,-43.866895822222226,40.43000000000001,食品饮料
2018-11-21,泸州老窖,-42.23211212222222,40.76,食品饮料
2018-11-22,泸州老窖,-43.50199172222222,40.705,食品饮料
2018-11-23,泸州老窖,-43.66254992222221,41.145,食品饮料
2018-11-24,泸州老窖,-42.10074572222221,40.73,食品饮料
2018-11-27,泸州老窖,-41.79422522222223,40.73,食品饮料
2018-11-28,泸州老窖,-41.44391372222222,39.905,食品饮料
2018-11-29,泸州老窖,-42.086149822222225,40.19499999999999,食品饮料
2018-11-30,泸州老窖,-41.692050622222226,40.55,食品饮料
2018-12-01,泸州老窖,-43.22465972222222,40.40000000000001,食品饮料
2018-12-04,泸州老窖,-45.99795332222222,40.40000000000001,食品饮料
2018-12-05,泸州老窖,-46.07093612222222,42.87,食品饮料
2018-12-06,泸州老窖,-47.340812422222214,43.475,食品饮料
2018-12-07,泸州老窖,-45.09298442222222,42.88,食品饮料
2018-12-08,泸州老窖,-45.57466232222222,42.665000000000006,食品饮料
2018-12-11,泸州老窖,-45.04919672222222,42.665000000000006,食品饮料
2018-12-12,泸州老窖,-45.355717222222225,42.395,食品饮料
2018-12-13,泸州老窖,-46.49422712222222,42.955,食品饮料
2018-12-14,泸州老窖,-47.647332922222226,43.73,食品饮料
2018-12-15,泸州老窖,-46.435843522222214,43.635,食品饮料
2018-12-18,泸州老窖,-45.61845002222222,43.635,食品饮料
2018-12-19,泸州老窖,-45.96876152222222,42.63,食品饮料
2018-12-20,泸州老窖,-43.66254992222221,42.375,食品饮料
2018-12-21,泸州老窖,-43.297642522222226,40.895,食品饮料
2018-12-22,泸州老窖,-41.29795142222221,39.88,食品饮料
2018-12-25,泸州老窖,-41.99857442222222,39.88,食品饮料
2018-12-26,泸州老窖,-42.538635922222205,39.99500000000001,食品饮料
2018-12-27,泸州老窖,-41.31254732222223,40.28,食品饮料
2018-12-28,泸州老窖,-41.910995722222225,40.28,食品饮料
2018-12-29,泸州老窖,-42.728385922222216,40.25,食品饮料
2019-01-03,泸州老窖,-41.181180922222225,40.25,食品饮料
2019-01-04,泸州老窖,-39.035527522222225,38.755,食品饮料
2019-01-05,泸州老窖,-40.26161612222222,38.295,食品饮料
2019-01-08,泸州老窖,-39.89670872222222,38.295,食品饮料
2019-01-09,泸州老窖,-39.96968822222223,38.52500000000001,食品饮料
2019-01-10,泸州老窖,-41.02062272222223,39.47,食品饮料
2019-01-11,泸州老窖,-40.02807512222222,38.975,食品饮料
2019-01-12,泸州老窖,-40.74329402222223,38.955,食品饮料
2019-01-15,泸州老窖,-39.53180132222222,38.955,食品饮料
2019-01-16,泸州老窖,-44.43615242222222,40.35,食品饮料
2019-01-17,泸州老窖,-43.38522122222222,41.44499999999999,食品饮料
2019-01-18,泸州老窖,-43.34143022222222,41.14,食品饮料
2019-01-19,泸州老窖,-44.97621392222222,41.96,食品饮料
2019-01-22,泸州老窖,-45.603854122222224,41.96,食品饮料
2019-01-23,泸州老窖,-44.75726882222222,42.255,食品饮料
2019-01-24,泸州老窖,-44.75726882222222,42.185,食品饮料
2019-01-25,泸州老窖,-45.28273772222222,42.235,食品饮料
2019-01-26,泸州老窖,-45.73522052222222,42.7,食品饮料
2019-01-29,泸州老窖,-46.31907302222222,42.7,食品饮料
2019-01-30,泸州老窖,-46.69857632222222,42.85,食品饮料
2019-01-31,泸州老窖,-44.94702212222222,42.99500000000001,食品饮料
2019-02-01,泸州老窖,-45.662241022222226,42.48,食品饮料
2019-02-02,泸州老窖,-47.23863782222222,43.115,食品饮料
2019-02-12,泸州老窖,-51.70510202222222,43.115,食品饮料
2019-02-13,泸州老窖,-52.68305042222222,47.755,食品饮料
2019-02-14,泸州老窖,-53.01876602222222,47.575,食品饮料
2019-02-15,泸州老窖,-54.697337422222226,48.45,食品饮料
2019-02-16,泸州老窖,-54.697337422222226,48.135,食品饮料
2019-02-19,泸州老窖,-53.00417012222222,48.135,食品饮料
2019-02-20,泸州老窖,-56.39050802222222,50.44,食品饮料
2019-02-21,泸州老窖,-56.740819522222225,50.345,食品饮料
2019-02-22,泸州老窖,-56.069388322222224,49.99500000000001,食品饮料
2019-02-23,泸州老窖,-56.50727852222222,49.505,食品饮料
2019-02-26,泸州老窖,-59.849825422222224,49.505,食品饮料
2019-02-27,泸州老窖,-57.60200072222222,51.575,食品饮料
2019-02-28,泸州老窖,-58.22963762222222,52.0,食品饮料
2019-03-01,泸州老窖,-58.17125402222222,50.98,食品饮料
2019-03-02,泸州老窖,-61.455417322222225,52.54,食品饮料
2019-03-05,泸州老窖,-62.78368052222223,52.54,食品饮料
2019-03-06,泸州老窖,-62.46256082222222,54.28,食品饮料
2019-03-07,泸州老窖,-61.601379622222225,53.45,食品饮料
2019-03-08,泸州老窖,-58.667527822222226,51.74,食品饮料
2019-03-09,泸州老窖,-56.186158822222225,50.34,食品饮料
2019-03-12,泸州老窖,-56.186158822222225,50.34,食品饮料
2019-03-13,泸州老窖,-57.47063102222222,51.02500000000001,食品饮料
2019-03-14,泸州老窖,-57.01814822222222,50.855,食品饮料
2019-03-15,泸州老窖,-58.44858272222222,51.23,食品饮料
2019-03-16,泸州老窖,-61.134300922222224,52.49,食品饮料
2019-03-19,泸州老窖,-68.91411692222222,52.49,食品饮料
2019-03-20,泸州老窖,-69.73151042222223,58.565,食品饮料
2019-03-21,泸州老窖,-72.28585892222223,60.79,食品饮料
2019-03-22,泸州老窖,-70.98679082222222,60.715,食品饮料
2019-03-23,泸州老窖,-72.46101632222222,61.295,食品饮料
2019-03-26,泸州老窖,-70.53430472222222,61.295,食品饮料
2019-03-27,泸州老窖,-69.73151042222223,59.9,食品饮料
2019-03-28,泸州老窖,-73.20542372222222,61.04,食品饮料
2019-03-29,泸州老窖,-77.36536412222223,63.435,食品饮料
2019-03-30,泸州老窖,-80.56195202222223,66.575,食品饮料
2019-04-02,泸州老窖,-80.56195202222223,66.575,食品饮料
2019-04-03,泸州老窖,-80.45977742222223,66.185,食品饮料
2019-04-04,泸州老窖,-79.27747982222222,65.745,食品饮料
2019-04-05,泸州老窖,-79.27747982222222,66.555,食品饮料
2019-04-09,泸州老窖,-84.07965632222222,66.555,食品饮料
2019-04-10,泸州老窖,-84.22561862222223,68.325,食品饮料
2019-04-11,泸州老窖,-89.49487712222222,70.505,食品饮料
2019-04-12,泸州老窖,-86.28369332222222,70.49000000000002,食品饮料
2019-04-13,泸州老窖,-84.97002932222223,68.805,食品饮料
2019-04-16,泸州老窖,-81.97779062222223,68.805,食品饮料
2019-04-17,泸州老窖,-84.12344402222222,67.605,食品饮料
2019-04-18,泸州老窖,-84.86785472222222,68.71000000000001,食品饮料
2019-04-19,泸州老窖,-84.31319732222222,69.39,食品饮料
2019-04-20,泸州老窖,-84.29860142222222,69.11,食品饮料
2019-04-23,泸州老窖,-85.5246867222222,69.11,食品饮料
2019-04-24,泸州老窖,-89.12996972222223,71.21000000000002,食品饮料
2019-04-25,泸州老窖,-88.09363442222221,72.15,食品饮料
2019-04-26,泸州老窖,-86.25450152222223,71.17500000000003,食品饮料
2019-04-27,泸州老窖,-75.88056212222223,74.595,食品饮料
2019-04-30,泸州老窖,-77.03329502222223,74.595,食品饮料
